chr19	266596	266713	1	-0.124219	5	0.0030939	0.057032	0.37379	0.49801
chr19	282207	282265	3.4627e-07	-0.249329	8	4.1189e-14	1.2903e-11	0.35354	0.60287
chr19	310271	310664	4.7048e-07	-0.117286	44	4.3632e-14	1.7531e-11	0.71756	0.83484
chr19	345278	345348	1	0.103592	7	0.0050291	0.055141	0.6303	0.5267
chr19	372043	372137	3.5969e-05	-0.207195	9	4.4076e-14	1.3403e-09	0.29758	0.50478
chr19	372685	372719	1	0.112108	10	1.6851e-06	0.0013417	0.78994	0.67783
chr19	384239	384310	0.064087	0.144198	15	2.08e-09	2.388e-06	0.60251	0.45831
chr19	402252	402280	8.3848e-08	-0.333779	7	4.1966e-14	3.1243e-12	0.25293	0.58671
chr19	412862	412913	1	-0.138985	5	6.1884e-05	0.00020693	0.54927	0.68826
chr19	418899	418993	0.21252	0.116948	12	3.9537e-08	7.9189e-06	0.83444	0.71749
chr19	427120	427276	7.5844e-05	0.167057	16	4.0745e-14	2.8261e-09	0.78819	0.62113
chr19	451219	451259	1	-0.103444	8	0.0062139	0.16875	0.70343	0.80687
chr19	457667	457717	1	0.105982	5	9.3682e-06	0.0004498	0.9208	0.81482
chr19	475049	475155	1	0.104769	5	5.6955e-05	0.0094456	0.71419	0.60942
chr19	551372	551415	4.036e-07	-0.227721	6	1.3956e-12	1.5039e-11	0.15793	0.38565
chr19	615707	615757	8.3951e-06	-0.272157	7	5.5078e-13	3.1282e-10	0.25362	0.52578
chr19	663901	663974	1	0.124021	5	0.0061807	0.04017	0.43444	0.31042
chr19	687010	687028	1	-0.121203	5	0.00045429	0.0029475	0.49483	0.61603
chr19	694797	694899	0.033367	0.292765	5	1.5196e-10	1.2433e-06	0.55263	0.25986
chr19	695436	695762	3.1608e-12	0.233179	20	4.6518e-14	1.1778e-16	0.43237	0.19919
chr19	696820	696994	1.0023e-10	-0.202174	19	4.6185e-14	3.7347e-15	0.34968	0.55186
chr19	698325	698399	1	0.108243	5	0.00089892	0.010091	0.80094	0.6927
chr19	720770	720834	1	-0.110192	5	0.0001052	0.0012964	0.06748	0.17767
chr19	728039	728119	1	0.186175	7	7.1626e-08	8.6984e-05	0.70721	0.52103
chr19	740536	740661	1	-0.169307	5	0.00011399	0.0010953	0.4772	0.6465
chr19	743380	743468	7.661e-12	-0.271527	10	4.0523e-14	2.8546e-16	0.18686	0.45839
chr19	755173	755251	1	-0.174470	6	6.7222e-05	0.0125	0.47805	0.65252
chr19	827776	827819	1	-0.122896	5	0.00025903	0.036716	0.17065	0.29355
chr19	828169	828258	1	0.116119	5	0.025164	0.041202	0.49439	0.37827
chr19	836562	836897	0.00025032	0.248239	14	4.1855e-14	9.3275e-09	0.64856	0.40032
chr19	841039	841110	1	0.106399	5	0.0081677	0.093798	0.70439	0.59799
chr19	859679	860057	1	-0.119309	9	1.2235e-05	0.0003661	0.13725	0.25656
chr19	863162	863227	3.6188e-13	0.295596	14	4.6296e-14	1.3485e-17	0.46596	0.17037
chr19	932754	932838	2.6066e-12	0.447555	6	4.5963e-14	9.7126e-17	0.62716	0.1796
chr19	935203	935367	0.30081	-0.121131	11	7.3736e-10	1.1209e-05	0.15304	0.27417
chr19	937412	937519	1	0.138085	11	1.3594e-06	0.0008536	0.69052	0.55244
chr19	947649	947755	3.9025e-16	0.377043	12	4.1744e-14	1.4542e-20	0.67156	0.29452
chr19	996235	996280	0.48151	-0.143350	5	4.6594e-08	1.7942e-05	0.08994	0.23329
chr19	1009582	1009746	0.024839	-0.156861	12	7.6874e-12	9.2554e-07	0.65928	0.81614
chr19	1037635	1037832	6.0293e-14	0.252483	21	3.8303e-14	2.2466e-18	0.66727	0.41479
chr19	1065633	1065785	1.304e-06	-0.231033	11	4.0412e-14	4.8588e-11	0.35468	0.58571
chr19	1068468	1068562	3.7182e-07	0.222674	10	6.6058e-14	1.3855e-11	0.5103	0.28762
chr19	1101635	1101823	0.046891	0.181058	13	3.3207e-13	1.7473e-06	0.42685	0.24579
chr19	1126306	1126399	0.014906	0.211058	7	8.4107e-11	5.5544e-07	0.80533	0.59427
chr19	1130858	1130986	0.047431	0.196538	8	1.6696e-09	1.7674e-06	0.43422	0.23769
chr19	1132895	1133021	2.5474e-09	0.222185	11	4.6074e-14	9.4922e-14	0.4743	0.25212
chr19	1192311	1192589	0.00020144	0.237323	10	1.8097e-13	7.5061e-09	0.53168	0.29436
chr19	1242239	1242354	1	-0.100228	12	4.5613e-06	7.9121e-05	0.10506	0.20529
chr19	1270994	1271350	1	-0.109825	18	4.5149e-08	8.2704e-05	0.4649	0.57472
chr19	1272836	1272934	1	0.109891	7	0.00047538	0.0037888	0.749	0.6391
chr19	1295625	1295702	4.1428e-20	0.379876	11	3.9413e-14	1.5437e-24	0.52866	0.14878
chr19	1313483	1313672	0.037717	-0.234898	5	9.4704e-08	1.4054e-06	0.24697	0.48187
chr19	1356032	1356238	1.0109e-06	-0.130216	14	3.9524e-14	3.7667e-11	0.17239	0.30261
chr19	1356269	1356564	9.3352e-35	-0.284290	23	5.3402e-14	3.4785e-39	0.26844	0.55272
chr19	1406567	1406676	1	-0.125585	11	3.0406e-07	0.00044084	0.18641	0.312
chr19	1411851	1412030	1	-0.118416	6	0.0034529	0.050276	0.49011	0.60852
chr19	1415640	1415828	0.2977	-0.123889	13	3.4138e-11	1.1093e-05	0.14456	0.26845
chr19	1437999	1438057	0.034819	-0.159986	5	3.6951e-10	1.2974e-06	0.16002	0.32001
chr19	1440080	1440261	8.111e-05	0.105822	22	4.0079e-14	3.0223e-09	0.8575	0.75167
chr19	1453910	1453968	0.020721	-0.229159	5	8.2956e-10	7.7212e-07	0.19674	0.4259
chr19	1503039	1503102	7.9252e-05	-0.244359	11	4.1078e-14	2.9531e-09	0.21589	0.46025
chr19	1566794	1566915	1	-0.114624	9	3.9327e-08	7.4477e-05	0.09134	0.20596
chr19	1609309	1609410	1	0.112770	5	0.011645	0.16321	0.34934	0.23657
chr19	1617028	1617088	1	0.170174	5	0.0001031	0.00043682	0.65435	0.48418
chr19	1648602	1648746	5.7358e-07	0.276683	6	4.3854e-14	2.1373e-11	0.8169	0.54021
chr19	1650225	1650454	0.052937	0.157577	6	3.373e-10	1.9725e-06	0.8585	0.70092
chr19	1729830	1729870	1	0.112266	5	0.00083789	0.020391	0.90486	0.79259
chr19	1754700	1754743	0.94824	0.144254	5	1.4831e-09	3.5333e-05	0.19118	0.046922
chr19	1773414	1773548	1	-0.123047	7	0.00086349	0.0030737	0.2594	0.38245
chr19	1775225	1775363	8.4783e-11	0.163871	30	4.4076e-14	3.1592e-15	0.4771	0.31323
chr19	1789507	1789541	0.0096451	-0.103473	8	3.6289e-10	3.594e-07	0.12169	0.22517
chr19	1828923	1829036	1	-0.119736	6	0.052282	0.0072976	0.72012	0.83986
chr19	1907677	1908457	4.8942e-21	-0.242546	31	4.5408e-14	1.8237e-25	0.3581	0.60065
chr19	1911846	1912017	0.038077	-0.151068	9	4.3213e-09	1.4188e-06	0.69838	0.84945
chr19	1929246	1929261	0.37739	-0.192781	5	9.9949e-08	1.4062e-05	0.17212	0.3649
chr19	1967199	1967252	2.0886e-07	0.319849	5	5.1292e-14	7.7825e-12	0.76614	0.44629
chr19	1998802	1998853	0.58286	0.145294	7	6.4249e-10	2.1719e-05	0.94613	0.80084
chr19	2065081	2065188	1	-0.157193	10	3.7323e-09	5.8249e-05	0.48476	0.64196
chr19	2076758	2076917	6.1803e-07	0.104872	14	4.2077e-14	2.3029e-11	0.95523	0.85036
chr19	2094328	2094388	0.2215	0.238952	5	1.1728e-08	8.2537e-06	0.51821	0.27926
chr19	2215690	2215729	1	0.113877	5	4.819e-05	0.00022211	0.87318	0.7593
chr19	2235103	2235192	1	-0.107342	5	0.0038556	0.040386	0.21776	0.3251
chr19	2242163	2242269	1	-0.199112	5	3.0727e-08	4.8423e-05	0.40771	0.60682
chr19	2255619	2255908	0.015177	0.123304	11	1.7855e-10	5.6552e-07	0.84669	0.72339
chr19	2273130	2273246	0.82625	0.141372	10	7.7274e-09	3.0788e-05	0.46575	0.32438
chr19	2278643	2278937	4.4406e-24	-0.294626	24	4.6407e-14	1.6547e-28	0.25874	0.55337
chr19	2291318	2291464	1.034e-06	-0.137004	18	4.4298e-14	3.8529e-11	0.1266	0.2636
chr19	2294369	2294430	1	0.224582	5	1.7004e-08	5.374e-05	0.62089	0.39631
chr19	2294992	2295134	0.41556	-0.153159	12	1.8011e-08	1.5485e-05	0.41405	0.56721
chr19	2302970	2303065	0.02384	0.169307	9	6.0059e-09	8.8832e-07	0.28309	0.11378
chr19	2323913	2323967	0.016524	0.198608	7	1.902e-08	6.1571e-07	0.90817	0.70957
chr19	2324385	2324516	3.5914e-05	0.196665	14	1.5299e-13	1.3382e-09	0.6888	0.49214
chr19	2327680	2327698	1	-0.132117	7	4.2177e-06	0.0024943	0.19009	0.32221
chr19	2329403	2329493	1	-0.174475	6	3.9796e-07	0.00030664	0.1659	0.34037
chr19	2358622	2358788	5.4474e-05	-0.235325	9	4.5852e-14	2.0298e-09	0.29525	0.53057
chr19	2393230	2393438	1	0.179049	5	0.00012849	6.253e-05	0.7647	0.58565
chr19	2428328	2428394	2.4754e-12	-0.297895	10	4.0412e-14	9.2239e-17	0.19698	0.49487
chr19	2428394	2428474	1	-0.103010	7	2.7986e-05	0.0066523	0.14342	0.24643
chr19	2428498	2428605	1	-0.199451	9	5.8672e-08	0.00036658	0.39549	0.59494
chr19	2446602	2446688	1.6913e-17	0.310742	15	5.0182e-14	6.3022e-22	0.76526	0.45451
chr19	2491789	2491936	0.95463	-0.132483	7	7.1626e-08	3.5571e-05	0.13621	0.2687
chr19	2494238	2494318	1	-0.194731	5	1.4158e-06	0.00017812	0.22381	0.41854
chr19	2494438	2494521	4.8333e-10	-0.297341	13	4.3632e-14	1.801e-14	0.25424	0.55158
chr19	2494543	2494608	0.0016942	-0.104708	9	8.2556e-13	6.3129e-08	0.065464	0.17017
chr19	2522325	2522396	1	-0.113441	5	0.026801	0.25347	0.43103	0.54447
chr19	2525190	2525461	2.1198e-27	-0.264031	30	5.0182e-14	7.8989e-32	0.23373	0.49776
chr19	2528955	2529024	1	-0.161964	5	8.95e-05	0.0047733	0.38092	0.54288
chr19	2540829	2541140	1.8045e-45	-0.289397	38	5.0071e-14	6.724e-50	0.18674	0.47614
chr19	2549932	2550043	0.36972	0.174810	9	1.0193e-10	1.3777e-05	0.6846	0.50979
chr19	2576239	2576319	1	-0.149365	6	6.9363e-05	0.0057781	0.60919	0.75855
chr19	2588228	2588664	8.3607e-55	-0.284794	48	4.8295e-14	3.1153e-59	0.20561	0.4904
chr19	2602529	2602688	2.2848e-14	-0.236642	18	4.4853e-14	8.5135e-19	0.21247	0.44911
chr19	2607727	2608010	1.144e-20	0.197064	33	3.9635e-14	4.2626e-25	0.5723	0.37523
chr19	2614178	2614237	1	0.137655	5	0.0043638	0.018187	0.38216	0.2445
chr19	2620948	2621086	8.6776e-16	0.271369	12	4.4076e-14	3.2334e-20	0.3726	0.10123
chr19	2700886	2700930	1	0.124343	7	6.9988e-05	0.024387	0.53459	0.41025
chr19	2715066	2715195	1	-0.194039	5	6.0646e-07	0.00031511	0.46379	0.65783
chr19	2772194	2772256	1	-0.136080	5	0.0038556	0.011902	0.6863	0.82238
chr19	2775829	2776059	0.014144	0.174549	13	2.1052e-12	5.2704e-07	0.70325	0.5287
chr19	2789389	2789506	0.0022341	0.175383	13	3.203e-13	8.3248e-08	0.72565	0.55027
chr19	2858896	2858921	1	0.115619	5	4.1585e-05	0.0020358	0.896	0.78038
chr19	2865983	2866138	0.00010486	-0.236804	7	4.5075e-14	3.9073e-09	0.32006	0.55686
chr19	2872231	2872301	1	0.103748	6	1.5156e-06	7.5428e-05	0.26965	0.16591
chr19	2923780	2923850	4e-05	-0.271407	6	1.0059e-13	1.4905e-09	0.27113	0.54254
chr19	3096491	3096591	5.365e-07	-0.297142	7	4.7518e-14	1.9991e-11	0.25663	0.55377
chr19	3126418	3126557	1	-0.108984	9	0.020721	0.033124	0.52666	0.63565
chr19	3133427	3133555	0.00041195	0.267890	7	9.7178e-13	1.535e-08	0.42786	0.15997
chr19	3136700	3136712	0.00093437	0.321314	5	6.1873e-13	3.4817e-08	0.589	0.26769
chr19	3163715	3163798	0.00028399	-0.216440	7	8.7708e-13	1.0582e-08	0.20362	0.42006
chr19	3165767	3165920	1	0.179035	5	1.0268e-07	4.1275e-05	0.88293	0.7039
chr19	3178887	3179019	8.9873e-09	0.220056	11	3.9635e-14	3.3488e-13	0.41608	0.19603
chr19	3179310	3179987	5.4314e-49	0.420138	25	3.8969e-14	2.0238e-53	0.65577	0.23563
chr19	3180710	3180912	1.488e-31	0.374837	16	4.2633e-14	5.5445e-36	0.58663	0.2118
chr19	3293459	3293525	1	-0.105597	5	0.0045695	0.06244	0.28337	0.38897
chr19	3344243	3344283	1	0.134203	10	3.128e-07	5.1969e-05	0.54473	0.41052
chr19	3390333	3390375	1	0.103297	5	0.0032961	0.0095427	0.62317	0.51987
chr19	3398871	3398936	1	-0.116919	7	0.0053616	0.0041942	0.48111	0.59803
chr19	3398936	3399051	0.0030282	-0.228866	7	8.2234e-13	1.1284e-07	0.43864	0.6675
chr19	3451136	3451171	1	0.127721	8	3.5359e-07	0.001321	0.56657	0.43885
chr19	3501168	3501237	1	-0.145914	5	0.00016607	0.001399	0.40495	0.55087
chr19	3539089	3539161	1	-0.151100	8	1.1078e-05	0.0011411	0.42844	0.57954
chr19	3583516	3583638	1	-0.142573	9	4.2496e-07	9.849e-05	0.54533	0.68791
chr19	3672081	3672202	0.035345	0.298029	5	6.893e-10	1.317e-06	0.57039	0.27236
chr19	3688478	3688571	1	0.150086	5	0.00063022	0.0088297	0.44565	0.29556
chr19	3698159	3698251	1	0.107686	7	6.1076e-07	0.00040263	0.87884	0.77116
chr19	3798324	3798452	3.2742e-07	0.326924	5	1.4433e-13	1.22e-11	0.68804	0.36112
chr19	3814052	3814085	5.6953e-06	0.322355	5	9.2926e-14	2.1222e-10	0.73575	0.4134
chr19	3828577	3828656	0.83635	0.128521	10	2.2234e-09	3.1164e-05	0.77671	0.64819
chr19	3831395	3831411	1	0.130705	5	0.0010516	0.0099007	0.65793	0.52723
chr19	3870790	3871066	8.3976e-07	0.124480	35	4.0523e-14	3.1291e-11	0.70979	0.58531
chr19	3966822	3966940	6.4671e-05	-0.273686	8	4.7407e-14	2.4098e-09	0.2844	0.55808
chr19	3976157	3976227	1	0.105727	5	0.0010886	0.016458	0.77463	0.6689
chr19	3983190	3983272	0.050374	0.161715	5	1.5759e-09	1.877e-06	0.88804	0.72632
chr19	4086646	4086796	2.8367e-07	-0.295321	9	4.4409e-14	1.057e-11	0.29033	0.58565
chr19	4098947	4099038	1	-0.113295	6	0.004427	0.011535	0.77609	0.88939
chr19	4183259	4183454	1	-0.121270	5	0.0020659	0.096544	0.53668	0.65795
chr19	4246734	4246785	1	0.132173	5	0.00032509	0.0043356	0.33298	0.20081
chr19	4277324	4277422	0.13897	-0.158671	8	5.9033e-08	5.1783e-06	0.30828	0.46695
chr19	4301767	4302006	1	0.134262	5	0.0013374	0.0049956	0.5019	0.36764
chr19	4302444	4302583	0.31834	0.235014	6	2.4492e-06	1.1862e-05	0.50076	0.26575
chr19	4302982	4303098	1	0.176695	5	1.8521e-06	0.00016229	0.83245	0.65576
chr19	4323037	4323204	9.8605e-05	-0.129439	19	1.7422e-12	3.6742e-09	0.65472	0.78416
chr19	4328731	4328868	1.0554e-06	0.227485	15	4.4964e-14	3.9325e-11	0.3603	0.13281
chr19	4338926	4338994	0.30949	-0.218217	5	3.1597e-08	1.1532e-05	0.31374	0.53196
chr19	4345939	4345985	1	-0.148874	5	0.00011173	0.0099579	0.67908	0.82795
chr19	4369977	4370054	0.00051389	0.165778	6	2.5187e-09	1.9148e-08	0.23031	0.064529
chr19	4374236	4374278	0.074498	0.232624	6	7.8196e-11	2.7759e-06	0.5934	0.36077
chr19	4376404	4376474	0.0004706	0.266178	6	8.0802e-13	1.7535e-08	0.78155	0.51537
chr19	4455917	4455960	0.69585	-0.163569	5	1.2215e-06	2.5929e-05	0.38623	0.54979
chr19	4495759	4495918	1	-0.114751	8	0.0001228	0.0060745	0.57232	0.68707
chr19	4518730	4518936	1	0.107875	10	0.00051954	0.011844	0.66124	0.55337
chr19	4531652	4531772	0.0012109	-0.135948	17	7.9159e-14	4.512e-08	0.18868	0.32463
chr19	4552544	4552662	9.3197e-07	-0.196152	13	4.6518e-14	3.4727e-11	0.37864	0.5748
chr19	4559759	4559851	0.34545	0.216550	10	6.828e-09	1.2872e-05	0.47666	0.26011
chr19	4568975	4569127	0.61883	0.209358	9	4.4671e-10	2.3059e-05	0.69485	0.48549
chr19	4588269	4588338	1	-0.152013	5	3.4349e-05	0.0015908	0.48184	0.63385
chr19	4654744	4654770	1	0.135765	5	0.00011864	0.0016471	0.82575	0.68998
chr19	4769034	4769086	1	0.116452	5	0.0075959	0.083247	0.46369	0.34724
chr19	4851563	4851638	1	0.183348	5	1.3422e-07	0.00034934	0.84174	0.65839
chr19	4910681	4911084	1.0853e-15	0.255240	16	4.0967e-14	4.0441e-20	0.44515	0.18991
chr19	4912173	4912242	1	0.133167	6	0.00015386	0.00082786	0.21942	0.086256
chr19	4950795	4950877	1.4387e-10	0.199708	11	4.6074e-14	5.3609e-15	0.93807	0.73836
chr19	4950890	4950927	1	0.128255	5	2.7715e-05	0.0025308	0.92896	0.80071
chr19	5037092	5037160	1	0.109778	5	0.00012347	0.00075764	0.85529	0.74551
chr19	5038773	5038870	1	0.112248	5	0.026135	0.068772	0.60782	0.49557
chr19	5046530	5046585	0.10043	-0.217262	6	1.101e-08	3.7424e-06	0.27052	0.48778
chr19	5074580	5074771	5.6886e-18	0.256598	24	4.1078e-14	2.1197e-22	0.73236	0.47577
chr19	5139378	5139523	7.0404e-13	0.399543	8	4.1966e-14	2.6234e-17	0.60099	0.20145
chr19	5288202	5288233	0.43799	-0.146008	6	3.2367e-08	1.632e-05	0.23733	0.38333
chr19	5308836	5308902	0.00020623	-0.274400	7	6.7502e-14	7.6845e-09	0.23802	0.51242
chr19	5346210	5346280	1	0.121647	5	0.00013107	0.0016075	0.29722	0.17558
chr19	5585636	5585702	1	0.204919	5	6.9608e-06	0.0009018	0.67043	0.46551
chr19	5594715	5594788	1	-0.123964	5	5.1315e-05	0.0028237	0.72663	0.8506
chr19	5621089	5621203	0.022252	-0.207777	5	2.1329e-08	8.2915e-07	0.40257	0.61035
chr19	5624968	5625188	1	0.119118	5	0.0050075	0.0010669	0.3333	0.21418
chr19	5691920	5692127	0.14864	-0.190583	10	9.3944e-12	5.5387e-06	0.23032	0.4209
chr19	5711967	5712035	1	-0.144297	5	0.0058225	0.097888	0.62809	0.77239
chr19	5799356	5799457	1	-0.104547	5	3.2215e-05	0.00013348	0.12348	0.22803
chr19	5822273	5822334	1	-0.162048	9	1.1983e-09	3.7737e-05	0.21798	0.38003
chr19	5822343	5822400	8.0444e-08	-0.258062	9	4.3854e-14	2.9975e-12	0.16694	0.425
chr19	5822400	5822521	0.013026	-0.160172	13	1.3618e-12	4.8537e-07	0.19379	0.35397
chr19	5846402	5846592	1.3657e-19	-0.274601	15	4.2855e-14	5.089e-24	0.40059	0.67519
chr19	5851243	5851752	1.2743e-12	-0.191451	25	4.6629e-14	4.7482e-17	0.30535	0.4968
chr19	5913842	5914352	1.1757e-07	-0.242313	14	4.1078e-14	4.3808e-12	0.45353	0.69585
chr19	5992215	5992372	0.00056274	0.153398	11	8.3156e-14	2.0969e-08	0.92617	0.77277
chr19	6022560	6022600	1	0.208659	5	7.4572e-06	0.00020678	0.51429	0.30563
chr19	6036103	6036266	0.021804	0.105361	9	3.0832e-11	8.1248e-07	0.92074	0.81538
chr19	6040038	6040202	1	0.125135	10	4.6099e-08	0.00053599	0.89112	0.76598
chr19	6066754	6066896	0.00056966	-0.138717	12	2.4431e-10	2.1227e-08	0.10152	0.24023
chr19	6111466	6111639	1	-0.114860	11	1.6042e-06	0.00014157	0.32654	0.4414
chr19	6138238	6138395	1	0.104035	11	0.0014689	0.051952	0.6128	0.50876
chr19	6165948	6166019	1	0.102844	5	0.011484	0.055243	0.74148	0.63863
chr19	6203339	6203540	0.051576	0.113048	10	1.369e-08	1.9218e-06	0.86199	0.74895
chr19	6333585	6333750	0.020596	-0.160942	15	4.6006e-11	7.6745e-07	0.48058	0.64152
chr19	6358255	6358318	0.021396	-0.226926	8	9.0635e-12	7.9724e-07	0.42581	0.65274
chr19	6372351	6372393	0.20158	-0.155618	7	5.876e-08	7.5112e-06	0.11337	0.26899
chr19	6412663	6412767	0.0020448	-0.212132	7	7.9214e-13	7.6192e-08	0.2737	0.48583
chr19	6425605	6425633	0.035619	0.149630	5	4.3575e-09	1.3272e-06	0.19723	0.0476
chr19	6425639	6425684	1.9703e-12	0.360161	8	4.4964e-14	7.3418e-17	0.62864	0.26848
chr19	6463897	6463939	1	-0.205135	5	1.2389e-07	0.00020378	0.2875	0.49263
chr19	6464002	6464037	0.016092	-0.159847	5	4.3575e-09	5.9962e-07	0.13847	0.29831
chr19	6475880	6475930	1	-0.169842	6	8.6488e-08	0.00015998	0.14502	0.31486
chr19	6476930	6477034	0.00076544	-0.298481	5	3.4155e-12	2.8522e-08	0.23494	0.53342
chr19	6481495	6482006	1.6744e-11	0.292332	19	4.6518e-14	6.2392e-16	0.50492	0.21259
chr19	6482176	6482260	0.003237	0.215847	5	8.296e-12	1.2062e-07	0.41964	0.20379
chr19	6528217	6528308	1	0.107748	9	0.0001767	0.0082914	0.60245	0.4947
chr19	6592444	6592544	0.00043085	0.164692	9	2.0121e-12	1.6054e-08	0.78653	0.62184
chr19	6663884	6663905	1	0.143615	6	1.0134e-05	0.0010253	0.79263	0.64901
chr19	6669984	6670518	1.2191e-17	0.265801	18	3.697e-14	4.5425e-22	0.51418	0.24838
chr19	6670835	6671160	1	0.103265	6	0.0003639	0.010406	0.78985	0.68658
chr19	6710646	6711122	4.113e-10	0.221107	15	4.452e-14	1.5326e-14	0.41154	0.19043
chr19	6712235	6712369	0.045264	0.108592	8	2.7019e-08	1.6866e-06	0.89411	0.78552
chr19	6739178	6739196	1	-0.114608	5	0.00048001	0.00026063	0.18287	0.29748
chr19	6745232	6745351	1	-0.211018	6	8.4512e-07	0.00038437	0.36371	0.57473
chr19	6766513	6766715	1.0031e-08	-0.187841	15	4.7629e-14	3.7378e-13	0.1936	0.38144
chr19	6887518	6887612	0.048374	0.204388	7	2.7977e-09	1.8025e-06	0.65899	0.4546
chr19	6940176	6940247	0.65973	0.102960	7	1.5029e-05	2.4583e-05	0.63715	0.53419
chr19	7007035	7007148	1	0.150350	5	0.0015057	0.0018998	0.64665	0.4963
chr19	7224430	7224548	1	-0.116856	16	6.9324e-06	0.0018823	0.52941	0.64627
chr19	7267722	7268043	9.4112e-06	-0.223345	12	4.1633e-14	3.5068e-10	0.48406	0.70741
chr19	7293211	7293387	1	-0.145382	8	1.566e-08	9.1181e-05	0.11926	0.26464
chr19	7349137	7349282	1.6951e-12	0.324423	9	4.1855e-14	6.3163e-17	0.62336	0.29894
chr19	7391281	7391472	0.0138	-0.242762	6	1.7738e-11	5.1423e-07	0.29597	0.53874
chr19	7473094	7473333	9.4969e-12	0.262243	11	4.1189e-14	3.5387e-16	0.77464	0.5124
chr19	7497293	7497364	1	0.103308	5	0.00064165	0.0214	0.76529	0.66198
chr19	7500800	7500845	1	0.147285	5	0.0001391	0.0043195	0.40539	0.2581
chr19	7505370	7505394	0.20631	-0.126179	7	5.0611e-08	7.6873e-06	0.19191	0.31809
chr19	7636775	7636871	7.3144e-06	0.188140	14	5.0071e-14	2.7255e-10	0.52445	0.33631
chr19	7676715	7677052	1.6773e-12	0.239788	16	4.1633e-14	6.25e-17	0.44239	0.2026
chr19	7682063	7682187	0.069037	0.176881	10	1.607e-10	2.5725e-06	0.47905	0.30217
chr19	7701762	7702089	0.75889	0.175966	11	1.2283e-07	2.8278e-05	0.53835	0.36238
chr19	7702343	7702489	0.086663	0.138292	9	1.648e-10	3.2292e-06	0.72678	0.58849
chr19	7731468	7731483	1	-0.110210	5	0.00042987	0.00068852	0.71354	0.82375
chr19	7732145	7732288	1	-0.165307	5	7.9874e-06	0.00086973	0.40492	0.57023
chr19	7762618	7762807	1	-0.119563	5	0.0001391	0.0055604	0.5399	0.65947
chr19	7767009	7767127	1	-0.106514	7	0.00038892	0.0093681	0.51158	0.61809
chr19	7787320	7787481	1	-0.104174	7	7.6763e-07	0.001237	0.090163	0.19434
chr19	7787934	7788170	0.0087699	0.104772	16	1.6454e-13	3.2678e-07	0.21432	0.10955
chr19	7921320	7921403	1	-0.128924	5	2.9259e-06	0.00016192	0.15455	0.28347
chr19	8065741	8065819	5.4989e-05	0.339331	5	2.2249e-13	2.049e-09	0.74197	0.40264
chr19	8153489	8153564	0.0010049	0.189870	5	4.6223e-09	3.7446e-08	0.7753	0.58543
chr19	8210227	8210374	0.54731	0.213961	5	3.9471e-08	2.0394e-05	0.46982	0.25585
chr19	8252986	8253049	1	-0.145276	5	8.2507e-05	0.013402	0.26156	0.40684
chr19	8322342	8322474	0.12649	-0.152383	11	4.4037e-10	4.7132e-06	0.1193	0.27168
chr19	8487703	8487787	7.0383e-13	0.332593	8	4.563e-14	2.6226e-17	0.77599	0.4434
chr19	8526832	8526958	2.7376e-09	-0.295784	9	4.0523e-14	1.0201e-13	0.18836	0.48415
chr19	8592592	8592681	0.039088	0.104391	9	7.2019e-09	1.4565e-06	0.1489	0.044508
chr19	8601109	8601136	1	0.103776	5	0.0001031	0.008147	0.91256	0.80878
chr19	8698346	8698435	1	0.205683	8	1.8295e-07	0.00022455	0.52593	0.32024
chr19	8702227	8702296	0.040699	0.181023	5	2.0068e-09	1.5165e-06	0.40025	0.21923
chr19	8728790	8729200	1	0.112885	5	0.015523	0.068155	0.71589	0.603
chr19	8823934	8824056	0.25308	0.106235	5	1.2389e-07	9.4302e-06	0.93248	0.82625
chr19	8981306	8981455	0.033313	0.139094	5	4.289e-08	1.2413e-06	0.90557	0.76648
chr19	9283401	9283646	3.6599e-14	0.174927	39	3.5638e-14	1.3638e-18	0.45821	0.28328
chr19	9283800	9283830	5.5022e-06	0.208858	16	4.1966e-14	2.0502e-10	0.44269	0.23383
chr19	9362888	9362923	1	0.103254	6	1.5156e-06	8.785e-05	0.25531	0.15205
chr19	9362940	9363224	2.8953e-33	0.205304	36	4.2411e-14	1.0788e-37	0.32763	0.12233
chr19	9497855	9498551	4.523e-20	0.164697	49	4.2522e-14	1.6853e-24	0.35492	0.19022
chr19	9498721	9498747	1	0.176219	5	5.6486e-08	0.00026072	0.387	0.21078
chr19	9498866	9499111	1.9971e-06	0.215103	16	4.0523e-14	7.4416e-11	0.53981	0.3247
chr19	9580892	9581042	0.55526	0.176603	5	1.5174e-08	2.069e-05	0.82134	0.64474
chr19	9735972	9736148	4.9828e-05	0.113113	12	1.8496e-13	1.8567e-09	0.92664	0.81353
chr19	9911868	9912200	1	-0.100719	7	0.00080143	0.003073	0.40855	0.50927
chr19	9940758	9940841	1	0.173546	5	1.535e-05	0.00057663	0.72081	0.54726
chr19	9966355	9966578	1	0.107618	5	0.00070173	0.0024935	0.34652	0.2389
chr19	9966578	9966590	0.22723	0.177478	5	6.6559e-08	8.4672e-06	0.27451	0.097033
chr19	10014317	10014384	1	-0.133146	5	2.8319e-05	0.006198	0.14682	0.27997
chr19	10062220	10062260	1	0.134231	6	0.0018677	0.03209	0.57912	0.44489
chr19	10102788	10103141	1	0.110921	5	0.018701	0.13762	0.61848	0.50756
chr19	10104874	10104963	1.4698e-10	0.334577	9	4.2744e-14	5.4767e-15	0.5696	0.23502
chr19	10105974	10106008	1.2068e-08	0.308418	5	4.4076e-14	4.4968e-13	0.74859	0.44017
chr19	10107508	10107555	1	0.126211	5	0.0001727	0.011447	0.76369	0.63747
chr19	10144491	10144571	0.29192	0.175976	5	2.6714e-08	1.0878e-05	0.86399	0.68801
chr19	10270142	10270200	4.7875e-06	0.147903	8	1.3045e-13	1.7839e-10	0.20994	0.062035
chr19	10270678	10270718	0.038936	0.100037	5	5.8055e-08	1.4508e-06	0.1534	0.053364
chr19	10287898	10288130	0.014794	0.147537	10	3.6165e-09	5.5125e-07	0.31741	0.16988
chr19	10293168	10293217	1	-0.113959	5	7.6301e-06	0.00026131	0.12428	0.23824
chr19	10334177	10334472	2.5175e-06	-0.258911	12	4.4187e-14	9.3805e-11	0.27595	0.53487
chr19	10339196	10339797	2.4039e-18	0.330345	13	4.1744e-14	8.9576e-23	0.60696	0.27662
chr19	10408571	10408744	0.036788	0.221048	5	7.7996e-10	1.3708e-06	0.7087	0.48765
chr19	10451613	10451740	0.60292	-0.247099	5	1.1625e-09	2.2466e-05	0.27702	0.52412
chr19	10492187	10492202	1	-0.121084	5	0.0039773	0.0087481	0.58982	0.7109
chr19	10538769	10538862	0.0062225	0.197696	12	7.0184e-12	2.3186e-07	0.73134	0.53365
chr19	10538904	10539121	9.0079e-24	0.341076	15	3.797e-14	3.3565e-28	0.63411	0.29304
chr19	10567239	10567271	0.0003447	0.226783	6	1.8474e-13	1.2844e-08	0.51895	0.29217
chr19	10581352	10581374	0.018119	0.199051	7	4.2098e-11	6.7516e-07	0.50469	0.30564
chr19	10587014	10587161	1	-0.144548	5	4.6208e-05	0.0031595	0.2624	0.40695
chr19	10624733	10624902	1	-0.141738	6	2.1697e-05	0.004662	0.25818	0.39992
chr19	10636466	10636621	1	-0.129026	5	0.0089046	0.059281	0.71848	0.84751
chr19	10712974	10713086	0.0081466	-0.199056	9	1.8323e-10	3.0356e-07	0.30942	0.50848
chr19	10714133	10714207	1.9124e-11	-0.304303	10	4.3743e-14	7.1262e-16	0.45716	0.76146
chr19	10836729	10836770	1	0.109381	7	7.8246e-05	0.0032215	0.70173	0.59235
chr19	10848425	10848482	2.3045e-07	0.323412	5	4.2077e-14	8.5869e-12	0.52833	0.20491
chr19	10927643	10927728	1	-0.202424	5	1.7529e-05	0.0003312	0.41043	0.61285
chr19	10963604	10963752	0.00054499	0.215040	8	9.6034e-14	2.0307e-08	0.70681	0.49177
chr19	11088749	11088860	2.3211e-09	-0.307251	5	4.5741e-14	8.6487e-14	0.30076	0.60801
chr19	11152871	11152971	2.9245e-05	-0.297735	5	1.7353e-13	1.0897e-09	0.33471	0.63244
chr19	11168689	11168911	0.0035717	0.151792	9	5.9841e-13	1.3309e-07	0.79312	0.64133
chr19	11189938	11189979	0.0007687	-0.234157	5	2.6293e-09	2.8643e-08	0.28495	0.51911
chr19	11198141	11198311	1	-0.140963	5	9.1334e-05	0.00023127	0.29735	0.43831
chr19	11237763	11238028	1	0.113196	5	0.0001727	0.0041582	0.84553	0.73233
chr19	11243642	11243795	0.00048681	0.247249	8	1.0022e-11	1.814e-08	0.60942	0.36217
chr19	11337202	11337342	2.4882e-23	0.329351	19	4.0856e-14	9.2717e-28	0.74735	0.418
chr19	11361277	11361722	1.3545e-11	-0.221438	24	4.6407e-14	5.0472e-16	0.21262	0.43406
chr19	11362431	11362678	0.13143	-0.110650	29	1.3273e-11	4.8973e-06	0.63957	0.75022
chr19	11373898	11374301	1	0.110862	11	3.9138e-05	0.0045895	0.26332	0.15246
chr19	11387311	11387376	4.7911e-14	0.320632	10	4.13e-14	1.7852e-18	0.62616	0.30553
chr19	11406699	11406815	0.0026015	0.176869	9	2.8768e-12	9.6937e-08	0.83829	0.66142
chr19	11453550	11453658	1	-0.140417	5	0.00015353	0.0043815	0.37426	0.51468
chr19	11454716	11454768	1	-0.154667	5	1.5694e-05	0.0017626	0.59662	0.75129
chr19	11554253	11554636	0.0045792	0.169403	10	6.0171e-12	1.7063e-07	0.77097	0.60157
chr19	11674029	11674536	2.4818e-35	0.224208	53	4.6407e-14	9.2476e-40	0.42543	0.20122
chr19	11693849	11693928	1	-0.133225	5	5.1315e-05	0.0017356	0.5407	0.67392
chr19	11697551	11697657	1	0.121949	6	0.0001406	0.00097806	0.75156	0.62961
chr19	11797874	11797915	1	-0.101265	8	6.904e-07	0.00036832	0.10375	0.20501
chr19	11890750	11890889	3.8531e-05	0.152814	5	1.5763e-11	1.4357e-09	0.90683	0.75401
chr19	11964159	11964220	0.11444	0.221424	5	2.375e-10	4.2642e-06	0.58224	0.36081
chr19	11964253	11964344	1	0.108730	5	0.0020322	0.047708	0.45512	0.34639
chr19	11985181	11985377	1	0.124566	7	0.0028032	0.0026493	0.58178	0.45721
chr19	12064292	12064454	0.13432	-0.125530	5	7.8362e-08	5.005e-06	0.19073	0.31626
chr19	12155572	12155718	3.0423e-13	0.265993	15	4.0412e-14	1.1336e-17	0.53496	0.26897
chr19	12266245	12266412	1	0.107929	16	1.9154e-08	4.5431e-05	0.75738	0.64945
chr19	12296871	12296953	0.063135	-0.174338	5	2.881e-07	2.3525e-06	0.69935	0.87369
chr19	12513647	12513744	0.96274	0.110212	8	6.1481e-08	3.5874e-05	0.24592	0.13571
chr19	12513864	12513899	0.037323	0.184732	5	2.026e-10	1.3907e-06	0.47617	0.29143
chr19	12513927	12513957	1	0.116910	5	0.00013637	0.0098927	0.44479	0.32788
chr19	12648258	12648280	1	-0.133887	6	0.0003691	0.0049878	0.20716	0.34105
chr19	12665847	12666027	2.2926e-06	0.298748	7	4.7184e-14	8.5427e-11	0.60618	0.30743
chr19	12712230	12712279	1	-0.134621	7	4.6569e-08	6.8391e-05	0.22352	0.35814
chr19	12758123	12758203	1	-0.130552	10	6.8653e-08	4.0709e-05	0.21013	0.34068
chr19	12766102	12766402	1	0.119022	12	0.0098731	0.02124	0.41984	0.30082
chr19	12799900	12799922	1	-0.128442	5	5.9371e-05	0.0016747	0.76613	0.89458
chr19	12807231	12807274	1	-0.162596	5	2.2803e-05	0.00080231	0.58216	0.74475
chr19	12830539	12830596	1	0.153914	7	2.017e-07	0.00019559	0.54175	0.38784
chr19	12839334	12839456	1	-0.156887	5	0.00063022	0.029082	0.293	0.44989
chr19	12840036	12840150	1	-0.167318	5	0.00059706	0.021991	0.43172	0.59904
chr19	12934152	12934264	1	-0.101724	6	3.7277e-05	0.0078518	0.58824	0.68996
chr19	12940721	12940831	1	0.171707	5	9.5832e-06	0.0017711	0.77927	0.60756
chr19	13009740	13009842	0.83441	0.207190	5	9.2973e-07	3.1092e-05	0.66242	0.45523
chr19	13011552	13011726	1.5169e-11	0.333063	9	4.2188e-14	5.6525e-16	0.69403	0.36097
chr19	13011735	13011788	1	0.167541	6	6.1015e-07	0.0010471	0.81655	0.64901
chr19	13013362	13013773	6.0626e-05	0.132179	17	7.5584e-13	2.259e-09	0.22935	0.097168
chr19	13013782	13014488	2.1652e-64	0.239276	58	4.5519e-14	8.0681e-69	0.42383	0.18455
chr19	13025279	13025463	1.6294e-09	-0.287081	10	4.5963e-14	6.0714e-14	0.19975	0.48683
chr19	13026861	13026882	3.6389e-05	-0.269390	6	9.6922e-14	1.3559e-09	0.25028	0.51967
chr19	13096657	13096789	8.2444e-10	0.356186	9	4.2411e-14	3.072e-14	0.5836	0.22741
chr19	13100244	13100478	1.4839e-08	0.346517	6	4.4853e-14	5.5295e-13	0.74838	0.40186
chr19	13104837	13104956	5.3695e-07	0.322632	6	4.019e-14	2.0008e-11	0.6543	0.33167
chr19	13700651	13700796	0.10279	-0.153392	5	1.8455e-07	3.8303e-06	0.2706	0.42399
chr19	13717469	13717605	1	0.228023	5	6.71e-07	4.7597e-05	0.45717	0.22914
chr19	13773940	13773981	1	-0.171238	5	4.8037e-06	0.00015696	0.57643	0.74767
chr19	13787841	13787918	0.0069867	0.116834	14	1.5669e-09	2.6034e-07	0.2084	0.091568
chr19	13836348	13836860	0.048185	0.224241	10	9.6181e-11	1.7955e-06	0.65494	0.4307
chr19	13837429	13837461	1	0.132182	5	8.5936e-05	0.0030545	0.73985	0.60767
chr19	13864455	13864688	1	-0.152929	5	1.0027e-05	0.00045479	0.19205	0.34498
chr19	13905758	13905904	1	0.114323	10	0.00013217	0.010943	0.53563	0.42131
chr19	13905915	13905951	0.34603	0.155145	5	1.6398e-06	1.2894e-05	0.30047	0.14532
chr19	13953441	13953563	0.0023655	-0.172756	8	1.4809e-12	8.8144e-08	0.13067	0.30343
chr19	14004775	14004858	1	-0.104199	5	0.0048575	0.010162	0.31851	0.42271
chr19	14060474	14060520	1	-0.138171	5	0.00086791	0.00040735	0.41666	0.55484
chr19	14209879	14210016	1	-0.101110	11	1.1075e-05	0.00080419	0.19464	0.29575
chr19	14212080	14212198	1	0.108143	6	0.00035876	0.014627	0.83887	0.73073
chr19	14266120	14266189	1	-0.183395	5	7.2978e-05	0.0061632	0.33989	0.52328
chr19	14269379	14269451	1	0.112233	6	0.00023972	0.0036718	0.77533	0.6631
chr19	14337618	14337690	0.014149	-0.241961	7	4.2098e-11	5.2723e-07	0.31553	0.55749
chr19	14337690	14337712	1	-0.125711	5	0.0019024	0.025354	0.14621	0.27192
chr19	14422664	14422699	0.19494	0.207631	5	7.3848e-09	7.2637e-06	0.69009	0.48246
chr19	14432172	14432227	1	0.106488	8	2.7589e-06	0.00039186	0.22171	0.11522
chr19	14480294	14480435	2.495e-16	0.252460	23	3.6304e-14	9.2967e-21	0.53337	0.28091
chr19	14480439	14480468	1	0.154814	6	1.203e-05	0.0035388	0.76936	0.61454
chr19	14496784	14497292	4.5995e-20	-0.239789	21	4.9405e-14	1.7139e-24	0.30817	0.54796
chr19	14516551	14516829	0.00013652	-0.174344	16	4.3743e-14	5.087e-09	0.26263	0.43698
chr19	14560540	14560701	1	0.200002	7	4.3527e-07	0.000276	0.7269	0.5269
chr19	14674780	14675038	2.7674e-10	0.248511	12	4.4631e-14	1.0312e-14	0.58441	0.3359
chr19	14778540	14778713	1	0.178313	8	1.7224e-05	0.0011384	0.53155	0.35324
chr19	15124067	15124153	0.036419	-0.240006	5	1.4831e-09	1.357e-06	0.25148	0.49149
chr19	15141210	15141437	0.34056	0.129514	15	2.5984e-08	1.269e-05	0.87121	0.7417
chr19	15199511	15199732	0.0084012	-0.148431	11	9.3004e-12	3.1305e-07	0.3068	0.45523
chr19	15233286	15233335	0.028311	0.133814	8	7.4886e-10	1.0549e-06	0.22491	0.091095
chr19	15281159	15281201	1	-0.109619	7	1.0146e-05	0.00042946	0.2412	0.35082
chr19	15377967	15378056	0.010478	-0.119361	8	1.2881e-11	3.9042e-07	0.063225	0.18259
chr19	15419961	15419976	1	-0.125163	5	7.9207e-05	0.0019246	0.42676	0.55193
chr19	15443731	15443805	1	0.124184	5	1.0975e-05	0.00064736	0.81844	0.69425
chr19	15448683	15448818	0.019093	-0.215606	5	2.0157e-08	7.1146e-07	0.26865	0.48426
chr19	15450176	15450255	0.0043612	-0.277076	5	9.9975e-11	1.6251e-07	0.13802	0.41509
chr19	15451119	15451456	3.5716e-05	-0.261980	5	4.0534e-12	1.3309e-09	0.45641	0.71839
chr19	15464801	15464875	1	0.201213	5	6.6559e-08	5.2368e-05	0.41231	0.2111
chr19	15467195	15467310	1	0.190294	5	9.7292e-08	0.00010169	0.29874	0.10845
chr19	15585092	15585114	1	-0.163001	5	2.2803e-05	0.0013694	0.51331	0.67631
chr19	15607716	15607889	2.0366e-07	0.217146	13	4.1078e-14	7.5886e-12	0.62258	0.40544
chr19	15608698	15608778	1	0.117948	7	0.0001171	0.0039818	0.91739	0.79944
chr19	15611794	15611816	0.044102	0.144224	7	2.8487e-09	1.6433e-06	0.94573	0.8015
chr19	15672692	15673127	1	-0.120513	9	1.3905e-07	0.00024659	0.12889	0.24941
chr19	15718981	15719175	1	0.136631	6	0.00091517	0.0076627	0.67915	0.54252
chr19	15741763	15741853	1	0.119437	5	0.00021798	0.010479	0.5879	0.46847
chr19	15760349	15760481	0.012077	0.129751	24	4.4805e-12	4.5001e-07	0.58701	0.45726
chr19	15808956	15809024	1	0.104010	5	0.011013	0.043793	0.84986	0.74585
chr19	15871705	15871844	7.7795e-11	0.147632	18	4.6629e-14	2.8988e-15	0.2388	0.091166
chr19	15878158	15878415	1	0.118627	9	1.2837e-06	7.2393e-05	0.85785	0.73922
chr19	15899652	15899725	1	0.106791	9	2.9211e-07	0.00026008	0.33164	0.22485
chr19	15899748	15899900	3.743e-21	0.175884	30	5.0737e-14	1.3947e-25	0.30523	0.12935
chr19	15899901	15900110	3.005e-43	0.218198	35	3.0642e-14	1.1197e-47	0.33788	0.11968
chr19	15900114	15900425	1	0.151695	5	1.0731e-05	9.0327e-05	0.30852	0.15683
chr19	15900426	15900568	4.8407e-17	0.296366	16	3.8636e-14	1.8037e-21	0.76353	0.46716
chr19	15911188	15911506	1	0.112009	7	0.00030667	0.0023333	0.72413	0.61212
chr19	15911526	15912479	3.1528e-16	0.164767	40	4.6629e-14	1.1748e-20	0.33294	0.16817
chr19	15934880	15935039	0.22401	-0.108175	10	5.907e-09	8.3471e-06	0.17852	0.2867
chr19	15935375	15935458	1	-0.115319	5	8.95e-05	0.0010715	0.32263	0.43795
chr19	15949400	15949492	1	0.111471	5	7.449e-05	0.001418	0.82762	0.71615
chr19	16033534	16033659	0.028873	0.169192	5	1.5759e-09	1.0759e-06	0.86939	0.7002
chr19	16067375	16067473	0.27035	-0.155214	8	2.9934e-07	1.0074e-05	0.23472	0.38994
chr19	16080316	16080441	0.034682	0.233949	5	1.1342e-06	1.2923e-06	0.63351	0.39956
chr19	16088491	16088998	1.5725e-13	-0.249253	15	4.6851e-14	5.8594e-18	0.34399	0.59325
chr19	16173375	16173541	1	0.157273	9	6.5378e-09	3.8731e-05	0.70573	0.54846
chr19	16200509	16200661	1	0.141289	7	2.3637e-07	0.00025866	0.90555	0.76426
chr19	16281347	16281451	0.76853	0.119331	7	7.1626e-08	2.8637e-05	0.93481	0.81548
chr19	16283554	16283567	1	0.177908	5	7.4214e-07	0.00018467	0.5532	0.37529
chr19	16283639	16283889	5.5614e-74	0.287380	40	3.2974e-14	2.0723e-78	0.40327	0.11589
chr19	16283940	16284018	5.0328e-09	0.169750	11	4.4964e-14	1.8753e-13	0.23917	0.069415
chr19	16338894	16339009	2.3367e-08	0.281062	5	4.5408e-14	8.7069e-13	0.41762	0.13656
chr19	16355445	16355710	1.8618e-09	0.162055	21	4.13e-14	6.9376e-14	0.84634	0.68428
chr19	16417537	16417614	1	0.119073	5	5.7868e-06	0.00066886	0.88555	0.76648
chr19	16417968	16418090	4.0718e-05	0.163943	18	1.2734e-13	1.5173e-09	0.5722	0.40826
chr19	16442831	16443142	2.9071e-06	-0.143257	19	4.2855e-14	1.0832e-10	0.28117	0.42443
chr19	16495784	16495810	1	-0.164440	5	2.5963e-06	9.3193e-05	0.25571	0.42015
chr19	16544940	16545025	0.022261	0.226621	5	2.026e-10	8.2949e-07	0.84207	0.61545
chr19	16623701	16623746	1	0.138781	5	3.5446e-07	0.00011741	0.85602	0.71724
chr19	16625758	16625799	1	-0.154965	5	7.4572e-06	0.00055191	0.70927	0.86424
chr19	16629600	16629757	0.0013528	-0.218182	7	9.3148e-14	5.0408e-08	0.1616	0.37978
chr19	16719743	16720049	3.5491e-05	-0.126848	20	4.0634e-14	1.3224e-09	0.19628	0.32313
chr19	16733749	16733803	1	0.107911	7	2.5901e-06	0.00011521	0.7325	0.62459
chr19	16877204	16877345	1	0.141806	7	0.0001089	0.0090763	0.70432	0.56252
chr19	16888829	16889200	1.6938e-13	0.307925	11	4.5075e-14	6.3115e-18	0.47252	0.1646
chr19	16897960	16897985	0.001403	0.130724	5	1.1073e-08	5.2278e-08	0.17739	0.046665
chr19	16898006	16898094	1	0.119053	8	0.00037835	0.017508	0.3717	0.25265
chr19	17022057	17022150	0.0004265	0.195786	13	5.0626e-14	1.5892e-08	0.84505	0.64926
chr19	17108211	17108324	0.074289	-0.144808	9	3.2171e-09	2.7682e-06	0.20285	0.34766
chr19	17135545	17135592	8.407e-05	0.315325	5	1.6859e-11	3.1326e-09	0.57674	0.26141
chr19	17209379	17209726	1	0.144494	9	5.8989e-07	0.00047102	0.84924	0.70475
chr19	17235263	17235373	0.1333	0.116188	7	3.238e-07	4.9672e-06	0.17835	0.062162
chr19	17264610	17264877	1	0.163790	6	0.0010177	0.0141	0.64629	0.4825
chr19	17266887	17267200	1	0.149987	9	0.0097367	0.0011878	0.28668	0.13669
chr19	17281482	17281511	1	-0.116259	5	0.00217	0.0014897	0.29747	0.41373
chr19	17296349	17296448	1	-0.127582	5	7.449e-05	0.00065979	0.39594	0.52352
chr19	17335290	17335378	8.8173e-07	-0.203206	10	4.6518e-14	3.2855e-11	0.16268	0.36589
chr19	17377086	17377212	1	0.113403	10	0.00023944	0.017483	0.69992	0.58652
chr19	17377232	17377350	6.1322e-07	0.249654	12	4.3521e-14	2.285e-11	0.55299	0.30333
chr19	17377582	17377603	1	0.149551	5	3.0207e-05	0.00074419	0.63539	0.48584
chr19	17378361	17378579	6.1214e-06	0.224873	11	4.5186e-14	2.2809e-10	0.5958	0.37093
chr19	17393777	17393878	1	-0.186791	6	1.7637e-07	4.0394e-05	0.47367	0.66047
chr19	17405402	17406437	1.9153e-43	0.344109	31	3.8525e-14	7.1368e-48	0.55352	0.20941
chr19	17407208	17407350	0.00034447	0.193212	10	4.3743e-14	1.2836e-08	0.34699	0.15378
chr19	17407828	17407963	0.0083694	0.154606	21	6.628e-14	3.1186e-07	0.80032	0.64571
chr19	17419425	17419441	0.70191	-0.183601	6	2.2433e-07	2.6155e-05	0.18415	0.36775
chr19	17420871	17421032	1	0.110133	6	1.4261e-05	0.00050439	0.86032	0.75019
chr19	17497565	17497590	0.096269	-0.164973	5	5.8055e-08	3.5872e-06	0.69325	0.85822
chr19	17499941	17499977	1	0.166244	6	6.3352e-06	0.00067675	0.66137	0.49513
chr19	17522970	17523451	5.3054e-07	0.208248	23	4.1744e-14	1.9769e-11	0.47657	0.26832
chr19	17540185	17540295	1	-0.133067	5	0.00035702	0.0058663	0.67312	0.80618
chr19	17606270	17606306	0.064971	0.101583	7	1.2072e-07	2.4209e-06	0.14178	0.0402
chr19	17648542	17648578	1	0.116771	6	0.0019396	0.017924	0.82767	0.7109
chr19	17680544	17680581	1	0.108370	5	0.0001727	0.0024912	0.22979	0.12142
chr19	17747427	17747479	1	0.125387	8	7.4399e-07	0.00023338	0.27765	0.15226
chr19	17751158	17751295	6.3039e-07	0.320152	5	4.5075e-14	2.349e-11	0.64214	0.32199
chr19	17751295	17751342	1	0.175130	5	2.881e-07	0.00037045	0.35827	0.18314
chr19	17766580	17766697	2.8434e-10	-0.215108	13	3.9968e-14	1.0595e-14	0.15935	0.37445
chr19	17766697	17766857	1.1411e-08	-0.104163	26	4.1744e-14	4.2521e-13	0.096684	0.20085
chr19	17766857	17766967	3.8332e-09	-0.167299	14	4.1633e-14	1.4283e-13	0.15385	0.32115
chr19	17766967	17767038	0.00086793	-0.254901	5	7.4941e-12	3.2341e-08	0.23542	0.49032
chr19	17791405	17791415	1	-0.100416	5	0.002857	0.0084426	0.31494	0.41536
chr19	17807713	17808469	7.5437e-05	0.171505	26	4.1966e-14	2.8109e-09	0.70273	0.53122
chr19	17821192	17821450	0.24586	-0.167881	15	3.0651e-10	9.1613e-06	0.51245	0.68033
chr19	17831252	17831656	3.85e-17	-0.307608	17	3.9413e-14	1.4346e-21	0.33406	0.64166
chr19	17832420	17832590	7.122e-07	-0.170981	10	4.563e-14	2.6538e-11	0.65039	0.82138
chr19	17842708	17843001	1	-0.186885	5	0.00070173	0.00048259	0.55026	0.73715
chr19	17846289	17846346	2.6164e-14	0.344103	8	4.3854e-14	9.7493e-19	0.6602	0.31609
chr19	17848096	17848274	2.1594e-13	0.254389	13	4.5408e-14	8.0463e-18	0.42043	0.16604
chr19	17933895	17933937	1	-0.129376	6	4.2896e-06	0.0009813	0.27214	0.40152
chr19	18086823	18087044	0.0090571	0.198974	7	4.4602e-09	3.3748e-07	0.34843	0.14945
chr19	18099583	18099682	0.71194	0.182467	5	3.5384e-06	2.6528e-05	0.70994	0.52747
chr19	18156053	18156079	0.001418	-0.308404	5	5.678e-09	5.2838e-08	0.25743	0.56583
chr19	18274692	18275175	2.1316e-21	-0.294417	16	4.5519e-14	7.9427e-26	0.18185	0.47627
chr19	18275610	18275708	1	-0.136866	5	0.00075352	0.024002	0.60642	0.74329
chr19	18294774	18294832	1	0.185595	6	7.6416e-08	0.00015793	0.42368	0.23809
chr19	18304702	18305192	3.183e-14	0.257352	14	4.13e-14	1.1861e-18	0.36346	0.1061
chr19	18386173	18386213	0.38334	-0.121369	6	6.8793e-10	1.4284e-05	0.084843	0.20621
chr19	18386333	18386459	5.1356e-19	-0.226472	21	4.7073e-14	1.9136e-23	0.31518	0.54165
chr19	18479021	18479134	2.256e-15	0.291245	9	4.3521e-14	8.4062e-20	0.3504	0.059153
chr19	18588171	18588424	1	0.192140	5	7.004e-05	0.0088181	0.55794	0.3658
chr19	18588504	18588533	2.8235e-06	0.252353	6	4.8406e-14	1.0521e-10	0.46037	0.20802
chr19	18596721	18596757	0.0056116	-0.256677	5	6.1372e-11	2.091e-07	0.27105	0.52773
chr19	18635103	18635180	0.00072721	-0.236093	5	1.63e-11	2.7097e-08	0.19998	0.43608
chr19	18700705	18701244	2.4018e-60	0.300470	37	3.586e-14	8.9494e-65	0.45516	0.15469
chr19	18762367	18762482	1	-0.137886	7	6.7423e-05	4.9916e-05	0.26074	0.39863
chr19	18787493	18787516	1.3853e-07	0.161513	7	3.3584e-13	5.162e-12	0.2153	0.05379
chr19	18848533	18848697	1	0.118114	5	0.00033126	0.016523	0.6796	0.56149
chr19	18849097	18849538	9.743e-10	0.181979	20	4.1633e-14	3.6304e-14	0.71031	0.52833
chr19	18856467	18856528	1	-0.104685	5	0.00026909	0.0037084	0.72343	0.82812
chr19	18896711	18896839	1	-0.110489	11	9.3016e-05	0.0058904	0.29008	0.40057
chr19	19067816	19067900	1	0.147343	6	8.3784e-06	0.00070731	0.79616	0.64881
chr19	19105595	19105694	2.7733e-11	-0.267256	13	4.7407e-14	1.0334e-15	0.11008	0.37734
chr19	19106400	19106451	1	-0.156785	5	4.0766e-06	0.00012049	0.31161	0.46839
chr19	19170691	19170828	1.2352e-05	0.179986	16	4.5297e-14	4.6024e-10	0.61436	0.43437
chr19	19256201	19256225	1	0.104197	5	0.0032445	0.023	0.55595	0.45175
chr19	19514506	19514600	1	0.133088	11	4.392e-06	0.0025181	0.63717	0.50408
chr19	19515619	19515797	0.016695	-0.157570	13	8.8789e-12	6.2208e-07	0.22964	0.38721
chr19	19532677	19532725	1	-0.156434	5	0.00011173	0.0014297	0.17083	0.32726
chr19	19619300	19619338	0.83558	-0.150669	10	1.4807e-09	3.1135e-05	0.27385	0.42452
chr19	19619433	19619489	1	-0.162460	5	0.00020572	0.0073927	0.34854	0.511
chr19	19668134	19668345	3.739e-21	0.350998	12	4.8073e-14	1.3932e-25	0.57256	0.22156
chr19	19669905	19670068	1	-0.111072	6	0.00056945	0.01349	0.32829	0.43937
chr19	19860649	19861490	7.2033e-33	0.164725	62	3.7637e-14	2.6841e-37	0.39273	0.22801
chr19	20068502	20068528	0.51021	0.163369	5	1.5174e-08	1.9011e-05	0.40371	0.24034
chr19	20166106	20166243	3.1662e-08	-0.231996	6	4.4187e-14	1.1798e-12	0.43699	0.66898
chr19	20424609	20424966	2.1169e-27	0.197129	26	4.5075e-14	7.8879e-32	0.27755	0.08042
chr19	20664542	20664590	0.17456	0.128455	7	1.0264e-07	6.5043e-06	0.28647	0.15801
chr19	20749992	20750148	1	0.106347	5	1.1481e-05	0.00098432	0.89618	0.78983
chr19	21000245	21000314	1	0.101038	6	1.1428e-05	0.00099684	0.14631	0.045276
chr19	21141640	21141700	0.03768	-0.189824	8	3.1472e-11	1.404e-06	0.38855	0.57837
chr19	21475222	21475251	0.030496	0.146698	5	6.3412e-11	1.1363e-06	0.22644	0.079747
chr19	21680777	21680941	0.00018415	0.245084	6	4.9516e-14	6.8619e-09	0.55785	0.31277
chr19	21696812	21696887	1	0.124452	5	0.00055538	0.0066719	0.86369	0.73923
chr19	21940763	21941176	1.2583e-13	0.126957	45	4.019e-14	4.6887e-18	0.84593	0.71897
chr19	22010433	22010739	5.0563e-20	0.142883	33	4.8073e-14	1.8841e-24	0.29659	0.15371
chr19	22010906	22010965	1.4362e-13	0.165891	12	4.0301e-14	5.3515e-18	0.31353	0.14763
chr19	22010997	22011231	0.53921	0.143084	12	9.6398e-09	2.0092e-05	0.42003	0.27695
chr19	22215237	22215939	2.1862e-14	0.132490	50	4.7184e-14	8.1461e-19	0.34376	0.21127
chr19	22286252	22287162	1.7504e-30	0.132542	75	4.13e-14	6.5223e-35	0.30763	0.17509
chr19	22422281	22422455	3.0491e-24	0.163559	30	5.1625e-14	1.1362e-28	0.33783	0.17427
chr19	22532330	22532519	0.00089587	0.145725	13	1.5252e-11	3.3382e-08	0.37916	0.23344
chr19	22532705	22532843	0.00063031	0.175841	13	5.218e-14	2.3487e-08	0.36653	0.19069
chr19	22623625	22623711	1	0.126855	6	8.8969e-05	0.014974	0.33452	0.20767
chr19	22708909	22708994	1	0.155642	5	0.00017957	0.0040709	0.7995	0.64386
chr19	22708994	22709347	1.8085e-31	0.240003	43	3.042e-14	6.7389e-36	0.56571	0.3257
chr19	22709389	22709502	1	0.122228	11	1.0679e-07	0.00028663	0.70568	0.58345
chr19	22783443	22783962	3.2854e-12	0.151897	31	4.5741e-14	1.2242e-16	0.36565	0.21376
chr19	22784114	22784180	0.071404	0.134751	9	4.3437e-11	2.6607e-06	0.32973	0.19497
chr19	22784309	22784364	4.7292e-06	0.209460	8	4.7407e-14	1.7622e-10	0.40056	0.1911
chr19	22807211	22807276	1	0.150085	5	3.6231e-06	4.752e-05	0.38319	0.2331
chr19	22807799	22807848	1	0.177441	5	5.7647e-07	0.00028559	0.42403	0.24659
chr19	22832202	22832287	1.7453e-12	0.249558	14	4.1411e-14	6.5034e-17	0.53229	0.28273
chr19	22832287	22832407	0.0052454	0.116726	8	2.5341e-10	1.9545e-07	0.25194	0.13521
chr19	22832433	22832595	2.1105e-15	0.163138	21	4.0412e-14	7.864e-20	0.39571	0.23257
chr19	23002779	23003247	4.8756e-40	0.157776	60	5.218e-14	1.8167e-44	0.37473	0.21696
chr19	23003353	23003394	0.048143	0.238649	5	2.6714e-08	1.7939e-06	0.6012	0.36255
chr19	23070349	23070538	1.2777e-14	0.191557	24	4.0745e-14	4.7609e-19	0.35726	0.1657
chr19	23070567	23070653	0.019072	0.111956	11	3.1821e-09	7.1065e-07	0.26037	0.14842
chr19	23071004	23071036	1	0.176527	5	4.9235e-08	0.00022087	0.32449	0.14797
chr19	23071533	23071579	1	0.118682	5	5.5244e-06	0.00032856	0.20271	0.084026
chr19	23183403	23183475	1	0.141622	5	0.0023164	0.036105	0.69892	0.5573
chr19	23203849	23204332	3.5399e-29	0.185529	69	5.2958e-14	1.319e-33	0.44735	0.26182
chr19	23512537	23512763	0.84293	0.115967	9	2.2161e-06	3.1409e-05	0.87019	0.75422
chr19	23790953	23791068	1	0.101206	6	1.7262e-06	7.2444e-05	0.94843	0.84722
chr19	23971773	23971828	1	0.112238	8	7.1671e-07	4.0006e-05	0.23016	0.11792
chr19	28008201	28008343	1	0.118029	5	0.00056553	0.014615	0.85978	0.74175
chr19	28606855	28607036	0.98164	0.112279	5	2.6646e-07	3.6578e-05	0.92464	0.81236
chr19	28793487	28793526	1	0.184102	7	2.9939e-07	0.00029654	0.37468	0.19058
chr19	28794075	28794082	0.20286	0.167561	5	4.2443e-07	7.5592e-06	0.319	0.15144
chr19	28964688	28965007	1	0.101690	8	0.0013571	0.016212	0.74375	0.64206
chr19	29527782	29527944	1	0.159855	9	1.4072e-06	0.00012023	0.40767	0.24782
chr19	29610991	29611116	1	0.145725	5	6.1884e-05	0.0014126	0.65221	0.50648
chr19	29671658	29671896	5.7834e-26	0.341818	13	3.8081e-14	2.155e-30	0.68673	0.34491
chr19	29708682	29708779	1.1134e-05	-0.244153	8	4.7407e-14	4.1486e-10	0.46321	0.70737
chr19	29716421	29716445	1	-0.140170	5	0.00017957	0.00017923	0.26483	0.405
chr19	29724750	29724896	1	-0.106298	7	0.049045	0.088385	0.27772	0.38402
chr19	29874949	29875089	1	-0.141564	5	0.00055538	0.00081672	0.37621	0.51777
chr19	30262392	30262553	1	0.132333	5	7.1227e-06	0.0031673	0.71142	0.57908
chr19	30372335	30372443	0.011979	-0.165239	10	8.743e-13	4.4636e-07	0.3853	0.55054
chr19	30373930	30374017	1	0.169154	8	3.8154e-08	0.0003135	0.51867	0.34952
chr19	30451095	30451133	1	0.145250	5	0.00012347	0.0059286	0.62794	0.48269
chr19	30557064	30557220	1	-0.119419	7	1.2609e-06	0.00052464	0.54939	0.66881
chr19	31348184	31348301	1	-0.109090	7	6.2973e-07	8.8854e-05	0.16579	0.27488
chr19	31353144	31353190	8.3904e-06	0.165781	13	4.4409e-14	3.1264e-10	0.2715	0.10572
chr19	31353190	31353277	0.0014005	0.108727	20	1.8805e-12	5.2185e-08	0.28617	0.17744
chr19	31356933	31357431	8.3465e-14	0.117957	41	4.4187e-14	3.1101e-18	0.26361	0.14565
chr19	32342087	32342230	1	0.100255	5	0.0001031	0.0012719	0.85886	0.75861
chr19	32571729	32571774	1	0.122914	5	0.0054012	0.018824	0.75095	0.62804
chr19	32572867	32573062	3.1735e-08	0.232833	9	4.3632e-14	1.1825e-12	0.77899	0.54616
chr19	32671968	32672052	3.379e-13	0.273264	10	4.4853e-14	1.2591e-17	0.72667	0.4534
chr19	32693165	32693442	1.6981e-08	0.270573	11	4.1078e-14	6.3273e-13	0.67568	0.40511
chr19	32870137	32870307	1	0.132159	8	2.0573e-07	0.00028944	0.65587	0.52371
chr19	33037552	33037851	5.3738e-21	0.300210	16	3.8414e-14	2.0024e-25	0.57204	0.27183
chr19	33290875	33291005	0.0041572	0.145031	5	5.3775e-10	1.5491e-07	0.91363	0.7686
chr19	33304437	33304499	1	-0.158571	6	3.9796e-07	0.00021303	0.27119	0.42976
chr19	33372945	33373155	1	0.104376	5	0.021033	0.23016	0.38997	0.2856
chr19	33619276	33619377	1	0.144235	5	0.00019791	0.0090076	0.73268	0.58844
chr19	33621219	33621251	1	0.139488	5	0.00080884	0.012778	0.60252	0.46303
chr19	33621421	33621481	0.66552	0.118319	5	6.3794e-07	2.4799e-05	0.23493	0.11661
chr19	33683427	33684232	7.3226e-07	0.108166	41	4.4742e-14	2.7286e-11	0.71601	0.60785
chr19	33684640	33684653	1	0.100511	8	0.0015906	0.0058548	0.41064	0.31013
chr19	33771166	33771223	1	0.106181	6	0.00058535	0.027168	0.82262	0.71644
chr19	33812093	33812185	1	0.130168	6	1.6603e-05	0.0015658	0.8288	0.69863
chr19	33819677	33819721	1	0.162301	6	2.3186e-05	0.0094629	0.69673	0.53443
chr19	33907049	33907139	5.8283e-07	0.246932	11	4.341e-14	2.1717e-11	0.52267	0.27574
chr19	33907157	33907358	1	0.115674	9	4.3671e-05	0.001796	0.3055	0.18982
chr19	33907359	33907371	0.90926	0.137263	5	9.532e-07	3.3881e-05	0.83234	0.69508
chr19	34171599	34171732	7.2313e-05	0.273277	5	3.5472e-13	2.6945e-09	0.5243	0.25102
chr19	34171766	34171874	0.10024	0.103713	10	2.3507e-11	3.735e-06	0.20712	0.10341
chr19	34359829	34359883	1	-0.132075	5	0.0050841	0.012978	0.49976	0.63183
chr19	34501041	34501086	2.1028e-05	0.336456	5	5.792e-13	7.8356e-10	0.77954	0.44309
chr19	34577276	34577655	1	0.131750	10	0.00062177	0.024894	0.60706	0.47531
chr19	34577936	34577974	1	0.110208	5	0.023018	0.014323	0.30555	0.19535
chr19	34723040	34723159	1	0.125876	7	6.9988e-05	0.001204	0.76833	0.64245
chr19	34905243	34905348	0.034601	0.132983	11	6.0604e-12	1.2893e-06	0.28158	0.1486
chr19	35034147	35034251	1	-0.142134	5	0.00019037	0.00040671	0.42636	0.56849
chr19	35038253	35038385	3.1984e-07	0.271105	8	4.2855e-14	1.1918e-11	0.59529	0.32418
chr19	35115596	35116328	9.3446e-22	-0.257779	24	4.2522e-14	3.482e-26	0.32369	0.58147
chr19	35120748	35120800	0.00078985	-0.144662	6	1.3861e-09	2.9431e-08	0.10036	0.24502
chr19	35155763	35155802	4.2291e-06	0.240037	8	4.1855e-14	1.5758e-10	0.39385	0.15382
chr19	35250074	35250157	0.0065049	-0.175164	12	1.1048e-10	2.4239e-07	0.4572	0.63237
chr19	35282570	35282632	1	-0.132464	6	1.7171e-05	0.0013537	0.20894	0.3414
chr19	35295884	35296291	0.00012079	0.215392	14	4.452e-14	4.5008e-09	0.40126	0.18587
chr19	35328871	35329354	4.7816e-42	0.309404	25	5.2403e-14	1.7817e-46	0.71165	0.40225
chr19	35330694	35330744	1	0.162295	5	1.0835e-07	6.2561e-05	0.63196	0.46967
chr19	35347658	35347832	1.0209e-09	0.367414	7	4.1966e-14	3.804e-14	0.60316	0.23575
chr19	35358052	35358546	4.8207e-18	0.250978	27	4.5297e-14	1.7963e-22	0.63027	0.37929
chr19	35370960	35371039	1	0.105695	5	2.5348e-06	4.4815e-05	0.90882	0.80313
chr19	35448620	35448660	6.3302e-06	0.298987	6	4.5408e-14	2.3587e-10	0.67415	0.37516
chr19	35449522	35449663	2.8179e-08	-0.246271	14	3.9524e-14	1.05e-12	0.31558	0.56185
chr19	35449960	35450005	1	-0.141293	5	0.00070173	0.017876	0.54657	0.68787
chr19	35491496	35491669	1	0.115479	5	0.0010886	0.0091812	0.80151	0.68603
chr19	35501812	35502010	1	0.115074	8	1.5102e-05	0.00083126	0.77887	0.6638
chr19	35529389	35529451	1	0.209659	5	1.2281e-05	0.0035424	0.53814	0.32848
chr19	35533377	35533391	1	0.125732	7	0.00023816	0.014681	0.5936	0.46787
chr19	35558411	35558505	1.5242e-08	0.159316	21	4.3854e-14	5.6794e-13	0.333	0.17368
chr19	35609845	35609913	0.33271	0.236617	5	3.6317e-08	1.2397e-05	0.69576	0.45914
chr19	35666705	35666762	1	-0.136549	5	0.00045429	0.001627	0.54451	0.68106
chr19	35712609	35713001	0.000101	0.274586	6	6.9722e-14	3.7636e-09	0.74816	0.47357
chr19	35714270	35714304	0.00026048	0.247777	5	6.3412e-11	9.706e-09	0.72637	0.47859
chr19	35714392	35714749	1	0.154892	5	7.7604e-05	0.029064	0.71441	0.55951
chr19	35742395	35742614	2.2407e-30	0.360519	14	4.5741e-14	8.3493e-35	0.67452	0.314
chr19	35744282	35744343	1	0.110945	5	3.4349e-05	0.0021336	0.80875	0.6978
chr19	35849561	35849643	1	0.156869	6	1.2879e-05	0.004775	0.80256	0.64569
chr19	35908313	35908491	1	0.144548	9	0.00013836	0.016366	0.57218	0.42763
chr19	35909069	35909148	1	0.169805	6	1.9501e-07	0.00022816	0.78076	0.61096
chr19	35937424	35937618	6.465e-05	-0.179263	8	4.3143e-13	2.409e-09	0.16631	0.34557
chr19	35959510	35959965	1.2962e-05	0.161414	20	4.6962e-14	4.8297e-10	0.39045	0.22904
chr19	36008763	36008971	0.16304	-0.164134	11	6.7301e-12	6.0752e-06	0.22153	0.38566
chr19	36032446	36032571	6.2268e-06	0.263966	8	4.3521e-14	2.3202e-10	0.56487	0.3009
chr19	36033117	36033208	1	0.192043	5	3.9295e-07	5.7071e-05	0.7378	0.54575
chr19	36125680	36125765	6.2841e-06	0.230122	10	4.5408e-14	2.3416e-10	0.75995	0.52983
chr19	36152648	36152766	2.9554e-06	0.202529	14	4.1522e-14	1.1012e-10	0.63901	0.43648
chr19	36152788	36152964	1	0.100183	10	0.00042753	0.00041847	0.6382	0.53802
chr19	36213887	36214130	1	-0.100009	5	0.002393	0.0045081	0.20489	0.3049
chr19	36245325	36245523	2.6184e-17	0.173047	34	4.3854e-14	9.7566e-22	0.33169	0.15865
chr19	36309904	36309977	0.010993	0.227432	13	1.6722e-12	4.0961e-07	0.70413	0.4767
chr19	36331501	36331526	1.3689e-15	0.232154	10	4.3854e-14	5.1007e-20	0.32469	0.092536
chr19	36331535	36331657	2.0097e-11	0.103922	20	4.0523e-14	7.4886e-16	0.16177	0.057845
chr19	36331661	36331774	3.3375e-16	0.156098	14	3.6637e-14	1.2436e-20	0.2175	0.061407
chr19	36331965	36332209	6.6881e-05	0.118784	9	4.7851e-14	2.4921e-09	0.1781	0.059318
chr19	36421685	36421879	1.6511e-15	0.131006	34	4.1744e-14	6.1522e-20	0.22097	0.089966
chr19	36421893	36421978	1.7442e-25	0.217477	31	4.9405e-14	6.4991e-30	0.40358	0.1861
chr19	36493250	36493320	0.073117	0.138678	8	5.5923e-09	2.7245e-06	0.40547	0.2668
chr19	36604618	36604643	0.3716	0.101764	5	6.71e-07	1.3847e-05	0.18378	0.082015
chr19	36604778	36604806	7.0897e-07	0.186189	9	4.5186e-14	2.6418e-11	0.26562	0.079426
chr19	36605165	36605638	4.1786e-29	0.138811	36	4.1855e-14	1.557e-33	0.18527	0.046456
chr19	36605638	36605843	3.2005e-41	0.199395	35	4.6407e-14	1.1926e-45	0.26983	0.070438
chr19	36776112	36776180	1	0.107422	5	0.013369	0.052531	0.52329	0.41587
chr19	36791532	36791717	1.0526e-13	0.128406	25	4.4853e-14	3.9224e-18	0.29837	0.16997
chr19	37251838	37251972	7.3686e-07	0.106601	29	4.674e-14	2.7457e-11	0.20935	0.10275
chr19	37268628	37268712	0.070117	0.149906	9	3.9744e-10	2.6127e-06	0.88718	0.73728
chr19	37403442	37403805	1.2197e-08	0.160444	23	4.4742e-14	4.545e-13	0.80786	0.64742
chr19	37548752	37548826	1	0.120329	6	0.00048218	0.031633	0.79215	0.67182
chr19	37551131	37551160	1	0.153175	5	0.00063022	0.00935	0.43982	0.28665
chr19	37551302	37551324	1	0.107336	5	9.7051e-05	0.0012509	0.20346	0.096126
chr19	37790400	37790580	5.9266e-10	0.158928	28	4.5519e-14	2.2084e-14	0.69876	0.53984
chr19	37790582	37790920	1.7126e-08	0.128379	28	4.1522e-14	6.3817e-13	0.77922	0.65084
chr19	37793330	37793384	1	0.114530	5	7.9207e-05	0.0020701	0.88175	0.76722
chr19	37855117	37855278	2.6745e-09	0.261638	14	4.674e-14	9.9655e-14	0.51785	0.25622
chr19	38303880	38303922	1	-0.118725	9	1.5706e-05	3.9543e-05	0.14436	0.26309
chr19	38395470	38395491	1	0.150532	5	0.00017957	0.0038879	0.47092	0.32039
chr19	38418543	38418723	2.1096e-08	-0.216277	13	4.7518e-14	7.8607e-13	0.34904	0.56532
chr19	38559805	38559845	1	0.158758	5	1.3134e-05	0.002231	0.6665	0.50774
chr19	38596490	38596604	1.6924e-12	-0.321591	7	4.1966e-14	6.3062e-17	0.25562	0.57721
chr19	38617855	38617991	0.0015851	0.247861	6	1.5894e-12	5.9064e-08	0.42456	0.1767
chr19	38618384	38618555	1.6574e-06	0.170195	10	4.6851e-14	6.176e-11	0.34673	0.17653
chr19	38651315	38651371	1	0.148726	5	5.8151e-05	0.0054212	0.63348	0.48476
chr19	38731618	38731774	1	-0.206793	6	3.9629e-09	7.2424e-05	0.37169	0.57848
chr19	38745713	38745807	1	0.102384	5	0.0058225	0.057053	0.76736	0.66498
chr19	38769712	38769738	5.5833e-05	0.328599	5	6.1873e-13	2.0804e-09	0.7017	0.3731
chr19	38769756	38769884	0.62586	0.105120	9	6.628e-06	2.3321e-05	0.13384	0.028717
chr19	38792679	38792837	0.7136	0.136113	11	2.6123e-07	2.659e-05	0.23165	0.095534
chr19	38813043	38813170	1	-0.128736	6	0.0021709	0.020349	0.30874	0.43748
chr19	38813288	38813386	7.9834e-10	-0.382593	5	4.5075e-14	2.9748e-14	0.33507	0.71767
chr19	38815578	38815671	1	-0.165494	6	9.759e-05	0.0085461	0.41356	0.57906
chr19	38832327	38832378	1	-0.184515	5	2.2476e-06	0.0018476	0.25723	0.44174
chr19	38841897	38842013	0.73897	0.105802	14	1.5873e-09	2.7535e-05	0.8571	0.7513
chr19	38860110	38860133	0.019387	-0.239786	5	1.9624e-10	7.224e-07	0.41359	0.65337
chr19	38869689	38869825	1.5685e-07	0.263194	7	4.5963e-14	5.8445e-12	0.41222	0.14903
chr19	38870758	38870823	1	0.122317	5	6.4497e-05	0.0011909	0.93493	0.81261
chr19	38878462	38878713	0.064942	0.250019	7	2.2208e-10	2.4199e-06	0.55456	0.30454
chr19	38975298	38975330	0.033179	-0.143816	8	1.112e-09	1.2363e-06	0.18017	0.32399
chr19	38976075	38976677	7.3541e-08	-0.139220	21	4.4187e-14	2.7403e-12	0.21015	0.34937
chr19	39032850	39032898	0.026302	-0.134503	9	8.0009e-11	9.8007e-07	0.11141	0.24591
chr19	39032898	39033136	0.23417	-0.211554	6	9.8666e-09	8.7256e-06	0.18437	0.39592
chr19	39110334	39110400	1	-0.155363	5	0.00464	0.021649	0.33844	0.49381
chr19	39196438	39196505	1	0.103787	7	0.0012854	0.013115	0.35013	0.24635
chr19	39199205	39199304	0.0022673	-0.173366	7	6.3057e-10	8.4484e-08	0.16332	0.33669
chr19	39252623	39252712	1.1583e-05	0.284883	6	4.4631e-14	4.3159e-10	0.62511	0.34023
chr19	39264456	39264578	0.31099	0.111197	15	6.3232e-10	1.1588e-05	0.20443	0.093236
chr19	39296052	39296282	1	-0.121064	5	0.0034017	0.0017057	0.41654	0.5376
chr19	39298007	39298051	0.0020476	0.284442	5	1.7772e-12	7.6299e-08	0.55283	0.26839
chr19	39307826	39307931	0.0017773	-0.181562	7	6.2596e-11	6.6225e-08	0.12602	0.30759
chr19	39336014	39336182	1.5141e-05	0.318931	5	4.996e-14	5.642e-10	0.5144	0.19547
chr19	39430809	39431046	1	0.107599	17	6.0615e-09	0.00012914	0.32836	0.22076
chr19	39489972	39490008	0.0010569	-0.252131	5	1.3322e-11	3.9382e-08	0.43734	0.68947
chr19	39540406	39540818	1	-0.102048	7	0.00086349	0.0041976	0.11386	0.21591
chr19	39639279	39639449	0.1288	-0.177154	5	1.3785e-07	4.7994e-06	0.26038	0.43754
chr19	39875880	39875986	1	0.149358	6	0.00017081	0.0039062	0.829	0.67964
chr19	39891981	39892033	1	0.187786	7	9.0664e-07	0.0036662	0.49805	0.31027
chr19	39892047	39892118	1	0.136172	16	3.6296e-10	5.8089e-05	0.51718	0.381
chr19	39892176	39892213	1	0.121386	5	1.3431e-05	0.0029941	0.76144	0.64005
chr19	39914036	39914197	1.5666e-10	-0.205950	15	4.019e-14	5.8375e-15	0.38209	0.58804
chr19	40226961	40227064	0.041519	-0.176653	7	1.4246e-10	1.5471e-06	0.27679	0.45344
chr19	40283857	40284033	1.9343e-08	-0.206775	11	4.4853e-14	7.2075e-13	0.12984	0.33662
chr19	40285793	40285936	1	0.122992	5	0.004784	0.082349	0.228	0.10501
chr19	40344534	40344702	1	0.115512	5	0.0045695	0.072027	0.83537	0.71986
chr19	40398784	40399098	1	0.104696	5	0.0030939	0.036817	0.29878	0.19409
chr19	40407908	40407936	0.23617	-0.201291	5	2.9056e-08	8.8001e-06	0.31916	0.52045
chr19	40445723	40445842	1	-0.160368	7	2.4798e-06	3.9512e-05	0.55621	0.71658
chr19	40483067	40483166	1	0.102713	6	0.0022534	0.0069027	0.79866	0.69594
chr19	40568065	40568206	6.2545e-05	0.118367	19	4.2744e-14	2.3305e-09	0.20799	0.089619
chr19	40568230	40568522	1	0.170694	7	1.1687e-07	6.092e-05	0.51775	0.34706
chr19	40580337	40580401	5.0444e-17	0.351040	10	4.2077e-14	1.8796e-21	0.82507	0.47403
chr19	40611189	40611326	2.586e-14	-0.295412	11	4.1966e-14	9.636e-19	0.31005	0.60546
chr19	40613410	40613504	0.000391	0.197680	7	3.0328e-12	1.457e-08	0.29073	0.093047
chr19	40623942	40624142	0.0022581	-0.109898	31	1.9265e-10	8.414e-08	0.47204	0.58194
chr19	40718224	40718276	1	-0.209383	5	1.9142e-05	0.001206	0.25227	0.46165
chr19	40826804	40827045	1.8804e-10	0.294701	11	4.452e-14	7.0068e-15	0.75573	0.46103
chr19	40848190	40848304	1	0.115057	13	3.9307e-08	0.00012087	0.82265	0.7076
chr19	40848304	40848692	0.025162	0.106875	12	4.7633e-08	9.3759e-07	0.21808	0.1112
chr19	40880089	40880602	4.947e-07	0.199380	19	4.3521e-14	1.8434e-11	0.5294	0.33002
chr19	40923881	40924172	1	-0.116878	5	0.00098099	0.0065361	0.41547	0.53235
chr19	40986444	40986573	1	0.137545	5	3.5446e-07	0.00017168	0.82173	0.68418
chr19	40989962	40990172	0.113	0.114383	6	2.5187e-09	4.2104e-06	0.89125	0.77687
chr19	40991316	40991409	1	-0.121246	7	4.5644e-05	0.0080974	0.44914	0.57039
chr19	41004082	41004142	1	0.104954	7	4.9254e-05	0.0018287	0.84183	0.73688
chr19	41018392	41018555	1	0.102777	5	0.00042987	0.0073697	0.83396	0.73118
chr19	41087265	41087557	1	0.152979	5	4.6927e-06	4.8456e-05	0.64844	0.49546
chr19	41090477	41090591	1	0.128992	12	1.0148e-07	0.00028104	0.41277	0.28377
chr19	41113944	41114554	1	0.120918	8	5.479e-05	0.00071693	0.78761	0.66669
chr19	41121176	41121424	5.4544e-35	0.375927	17	4.2411e-14	2.0324e-39	0.63694	0.26101
chr19	41131220	41131319	1	0.115303	5	4.819e-05	0.0054271	0.87094	0.75564
chr19	41135836	41135975	1.0129e-15	0.183166	18	4.3965e-14	3.7743e-20	0.24166	0.058489
chr19	41135991	41136097	1	0.101516	7	0.022333	0.04355	0.36153	0.26002
chr19	41192610	41192643	0.089083	-0.204069	5	6.0205e-09	3.3194e-06	0.21078	0.41485
chr19	41196247	41196388	0.017301	0.206863	5	1.207e-08	6.4466e-07	0.61388	0.40701
chr19	41261764	41262170	1	-0.134222	5	0.017047	0.096014	0.21229	0.34651
chr19	41364525	41364735	1	0.223516	5	1.6405e-05	0.00015615	0.5887	0.36519
chr19	41521371	41521583	0.03456	0.153743	14	8.4599e-13	1.2878e-06	0.34885	0.1951
chr19	41564688	41564706	0.42012	0.118458	5	9.2182e-08	1.5654e-05	0.17799	0.059529
chr19	41575915	41575999	1	0.177467	5	2.5291e-07	3.9675e-05	0.36563	0.18816
chr19	41689046	41689156	1	0.127196	5	0.0003706	0.011915	0.80294	0.67575
chr19	41707240	41707652	0.89451	-0.112633	19	3.1618e-07	3.3331e-05	0.275	0.38763
chr19	41708744	41709111	0.19801	-0.188882	8	1.18e-08	7.3781e-06	0.3804	0.56928
chr19	41755172	41755328	1	0.128968	8	0.00012401	0.015623	0.72613	0.59716
chr19	41771018	41771289	1	0.155152	8	2.7019e-08	7.0509e-05	0.79641	0.64126
chr19	41795583	41795744	1	-0.105073	8	0.00011123	0.0015262	0.53381	0.63888
chr19	41796136	41796358	1	0.149560	5	6.4961e-06	0.00017546	0.80894	0.65938
chr19	41844697	41844813	1	0.108602	5	0.061228	0.21707	0.49953	0.39093
chr19	41875635	41875674	1	0.119609	5	4.8037e-06	0.00013423	0.34002	0.22041
chr19	41876654	41877212	0.00016272	0.240568	10	4.4187e-14	6.0631e-09	0.71106	0.4705
chr19	41904259	41904382	1.5442e-18	-0.336764	13	4.13e-14	5.7539e-23	0.26213	0.5989
chr19	41930232	41930347	1	0.101122	5	0.0011866	0.011627	0.59265	0.49152
chr19	41930370	41930420	0.003991	0.235679	5	7.9667e-11	1.4871e-07	0.46537	0.22969
chr19	41931315	41931471	0.0059317	0.145218	16	1.373e-11	2.2103e-07	0.3381	0.19288
chr19	41956735	41956852	0.00014576	-0.304260	8	4.4298e-14	5.4312e-09	0.30296	0.60722
chr19	42040434	42040537	1	0.104955	5	6.9608e-06	0.00031862	0.82809	0.72313
chr19	42199549	42199771	1.1003e-60	0.425877	29	5.0404e-14	4.1e-65	0.64956	0.22369
chr19	42256554	42256612	5.6702e-15	-0.341440	7	4.6185e-14	2.1128e-19	0.20491	0.54635
chr19	42302973	42303008	1	0.172726	5	0.00022654	0.00068997	0.41148	0.23875
chr19	42323509	42323620	1	-0.153578	5	0.00017957	0.023529	0.22471	0.37829
chr19	42424882	42424975	1	-0.128493	5	0.00023997	0.00054747	0.58493	0.71342
chr19	42442964	42443154	0.00016892	0.130146	9	4.1844e-13	6.2942e-09	0.90979	0.77964
chr19	42595642	42595694	3.4954e-08	0.283240	6	4.5852e-14	1.3025e-12	0.79559	0.51235
chr19	42697947	42697967	1	0.148553	5	5.9371e-05	0.0038855	0.61363	0.46508
chr19	42697976	42698012	1	0.124052	5	0.0047115	0.085587	0.52298	0.39893
chr19	42698012	42698161	2.1044e-15	0.193670	27	3.8747e-14	7.8413e-20	0.48643	0.29276
chr19	42766906	42767180	0.00013708	0.101228	17	8.4932e-14	5.108e-09	0.86964	0.76842
chr19	43072395	43072437	1	0.102038	5	0.0010157	0.026315	0.82231	0.72027
chr19	43220986	43221128	1	0.137006	5	0.0010335	0.00087538	0.7425	0.6055
chr19	43222163	43222247	0.036334	0.111435	11	1.4959e-10	1.3539e-06	0.89795	0.78652
chr19	43270857	43270988	1	0.103185	5	3.7984e-06	0.0021387	0.93276	0.82958
chr19	43352661	43352960	1	0.143728	5	4.2728e-06	7.8632e-05	0.80245	0.65872
chr19	43353709	43353807	1	-0.144043	5	0.00019791	0.0023281	0.32711	0.47115
chr19	43387695	43387778	1	0.127141	5	4.2728e-06	0.00018563	0.85136	0.72422
chr19	43388642	43388701	0.10469	0.168087	8	6.5486e-11	3.9009e-06	0.53533	0.36724
chr19	43465498	43465816	1	-0.152606	7	5.0517e-05	0.00060996	0.25339	0.40599
chr19	43655493	43655571	1	0.128110	6	4.8986e-05	0.012428	0.86199	0.73388
chr19	43781683	43781925	1.9278e-10	0.170951	16	3.9968e-14	7.1834e-15	0.73596	0.56501
chr19	43802412	43802513	1	0.124869	7	9.0928e-06	0.00097531	0.6958	0.57093
chr19	43826971	43827055	0.14039	0.123055	11	1.7453e-07	5.2314e-06	0.44786	0.3248
chr19	44110905	44110994	1	0.106952	5	0.010265	0.03244	0.81923	0.71228
chr19	44260449	44260517	1	-0.111027	10	5.3244e-09	6.8499e-05	0.14016	0.25119
chr19	44262624	44262736	1	0.107987	5	0.00012596	0.0006829	0.78	0.67202
chr19	44356321	44356456	1	-0.166782	5	2.4159e-06	0.00048147	0.17833	0.34512
chr19	44371944	44372135	0.00036148	0.148496	18	4.452e-14	1.347e-08	0.76109	0.61259
chr19	44529855	44529977	0.00071869	-0.239629	5	2.0407e-12	2.678e-08	0.31079	0.55042
chr19	44742148	44742196	1	-0.124765	6	2.2348e-06	0.00011258	0.1015	0.22626
chr19	44776495	44776514	0.048733	-0.196575	5	8.2948e-09	1.8159e-06	0.36103	0.5576
chr19	44796968	44797064	0.18068	0.247604	5	8.0439e-10	6.7324e-06	0.52927	0.28167
chr19	44811257	44811320	1	0.110110	5	0.0023544	0.047747	0.8745	0.76439
chr19	44904530	44904865	0.00015266	-0.160287	18	3.5471e-12	5.6882e-09	0.44325	0.60353
chr19	45000925	45001101	1	-0.113526	15	1.5035e-07	4.6506e-05	0.28372	0.39725
chr19	45091139	45091478	1.9016e-11	-0.189745	23	4.0412e-14	7.0858e-16	0.21438	0.40413
chr19	45160123	45160270	1	-0.121828	5	0.0071645	0.078382	0.45606	0.57789
chr19	45161341	45161546	2.6679e-05	-0.214097	14	4.6407e-14	9.941e-10	0.41472	0.62881
chr19	45233949	45234291	1	-0.110312	16	1.2007e-05	0.0043636	0.61087	0.72118
chr19	45306137	45306313	1	-0.106552	6	0.00084464	0.051243	0.30387	0.41042
chr19	45402792	45402956	1	-0.110761	5	8.95e-05	0.012871	0.22439	0.33515
chr19	45447138	45447205	1.0092e-05	-0.311266	6	6.4171e-14	3.7603e-10	0.48245	0.79371
chr19	45472486	45472673	0.08419	0.151096	7	1.2581e-08	3.1371e-06	0.33434	0.18324
chr19	45474878	45475262	1	-0.123968	6	0.00018398	0.008394	0.18407	0.30804
chr19	45499229	45499256	1	0.102271	5	0.0030451	0.013591	0.24303	0.14076
chr19	45528234	45528299	0.010614	-0.192454	8	1.0951e-10	3.9549e-07	0.39744	0.5899
chr19	45553450	45553814	1.7546e-31	-0.234466	53	3.8525e-14	6.538e-36	0.33159	0.56606
chr19	45667678	45667740	1	0.109196	5	8.4205e-05	0.0086668	0.47572	0.36652
chr19	45671315	45671412	1	-0.132152	5	0.0019663	0.020683	0.36114	0.49329
chr19	45681144	45681187	1	-0.164884	8	2.1325e-08	0.00013284	0.48931	0.65419
chr19	45767086	45767208	0.12909	-0.237542	5	6.3831e-09	4.81e-06	0.29369	0.53124
chr19	45791559	45791687	1	0.133197	8	2.4889e-05	0.00034476	0.72974	0.59655
chr19	45815148	45815257	5.4431e-05	0.253476	7	5.8453e-13	2.0282e-09	0.68781	0.43433
chr19	45861037	45861113	1	-0.108780	5	0.0016105	0.016445	0.61709	0.72587
chr19	45882979	45883006	0.0001905	-0.276503	5	8.3888e-13	7.0985e-09	0.11776	0.39426
chr19	45914280	45914313	1	0.102271	5	0.0012492	0.033862	0.84281	0.74054
chr19	45915574	45915684	1	-0.115423	5	0.0019024	0.039019	0.26444	0.37986
chr19	45953072	45953104	1	0.192646	5	7.2881e-06	0.00016434	0.36933	0.17669
chr19	46022269	46022392	0.012726	-0.163400	7	2.8487e-10	4.742e-07	0.14088	0.30428
chr19	46025865	46026038	0.00027785	0.268630	5	2.875e-12	1.0353e-08	0.70467	0.43604
chr19	46041052	46041545	0.003828	-0.204293	8	1.1081e-12	1.4264e-07	0.30719	0.51148
chr19	46042346	46042417	0.79393	-0.155509	5	1.0268e-07	2.9583e-05	0.27805	0.43355
chr19	46078787	46079229	7.1828e-14	0.173529	37	4.3965e-14	2.6765e-18	0.56438	0.39085
chr19	46082963	46083066	0.79979	-0.169956	5	1.9567e-05	2.9802e-05	0.32772	0.49768
chr19	46119997	46120345	1	0.104071	7	0.00033969	0.012749	0.84527	0.7412
chr19	46124482	46125137	1	0.105671	12	1.7366e-06	8.6879e-05	0.77657	0.6709
chr19	46147793	46147831	0.016836	0.129972	6	8.2163e-11	6.2734e-07	0.90412	0.77415
chr19	46148002	46148296	1	0.124504	5	4.3743e-06	0.00076045	0.68622	0.56171
chr19	46208728	46209035	0.19208	0.186347	5	1.1432e-07	7.1574e-06	0.76132	0.57497
chr19	46210188	46210217	4.8533e-17	0.406134	6	4.0745e-14	1.8085e-21	0.77297	0.36683
chr19	46212565	46212760	1	0.107469	5	0.00030149	0.0055796	0.73539	0.62793
chr19	46270373	46270407	1	0.105017	6	0.0029522	0.046475	0.752	0.64699
chr19	46303752	46303786	1	-0.169107	7	9.5247e-05	0.0019508	0.58194	0.75105
chr19	46304208	46304480	1	-0.151479	5	0.0066563	0.004677	0.60633	0.75781
chr19	46351305	46351412	1	0.100683	5	0.045072	0.16787	0.2747	0.17402
chr19	46373291	46373353	1	-0.139851	5	0.00018671	0.0059261	0.59146	0.73131
chr19	46412294	46412429	1.2341e-09	-0.213754	13	4.3965e-14	4.5986e-14	0.12126	0.33501
chr19	46413346	46413421	0.00094778	0.154325	8	5.3055e-11	3.5316e-08	0.2366	0.082277
chr19	46466533	46466785	0.037844	0.104365	17	3.2515e-09	1.4101e-06	0.55882	0.45445
chr19	46471715	46471758	1	0.124055	8	2.9967e-06	0.00039898	0.31823	0.19417
chr19	46496499	46496591	1	0.118494	5	2.7123e-05	0.0010546	0.81557	0.69708
chr19	46648155	46648545	1.4122e-05	0.164373	18	4.4631e-14	5.262e-10	0.43751	0.27314
chr19	46756792	46756884	0.0012644	0.201837	10	5.3327e-12	4.7115e-08	0.79275	0.59091
chr19	46786208	46786246	1	-0.111370	5	1.1481e-05	0.00028087	0.095368	0.20674
chr19	46788902	46788997	0.00034124	0.157398	10	1.9698e-12	1.2715e-08	0.27362	0.11623
chr19	46851417	46851429	1	0.145489	8	3.9157e-07	0.00022353	0.82635	0.68087
chr19	47004795	47004863	1	-0.186358	6	1.3697e-08	4.7976e-05	0.47799	0.66435
chr19	47130506	47130554	0.51927	-0.197046	5	7.2227e-08	1.9349e-05	0.34516	0.54221
chr19	47232754	47232897	0.47344	-0.123202	5	6.5427e-07	1.7641e-05	0.099782	0.22298
chr19	47309664	47309908	2.463e-08	0.227516	14	4.0745e-14	9.1778e-13	0.45212	0.2246
chr19	47320757	47320787	1	0.112936	5	2.7236e-06	5.4155e-05	0.95959	0.84666
chr19	47335812	47335931	0.0010906	0.226876	9	1.9299e-12	4.0638e-08	0.65814	0.43126
chr19	47336853	47337254	1	0.133860	8	0.00029172	0.0034061	0.4123	0.27844
chr19	47432326	47432416	0.0014421	0.248307	8	6.8268e-13	5.3734e-08	0.73207	0.48377
chr19	47434091	47434123	1	0.102642	5	0.00016607	0.0030642	0.73941	0.63677
chr19	47435356	47435396	0.00011721	0.247001	5	8.7821e-11	4.3673e-09	0.54514	0.29814
chr19	47512364	47512820	1	-0.186140	6	1.1443e-06	0.00056405	0.20086	0.387
chr19	47556017	47556106	1	0.141436	5	6.0611e-06	0.0018685	0.79197	0.65053
chr19	47598787	47598987	1	-0.115361	8	8.4921e-05	0.00075827	0.1323	0.24766
chr19	47749285	47749491	9.5334e-08	0.234545	10	4.5408e-14	3.5524e-12	0.76677	0.53223
chr19	47779949	47780045	3.0782e-12	-0.300223	10	4.0634e-14	1.147e-16	0.19841	0.49863
chr19	47782052	47782134	6.394e-09	-0.295518	8	4.3632e-14	2.3825e-13	0.28523	0.58075
chr19	47804669	47804938	1	0.118833	5	0.00029031	0.019736	0.82248	0.70364
chr19	47841961	47842073	1	0.190060	5	2.2311e-05	0.001847	0.7244	0.53434
chr19	47858902	47859116	1	0.175085	5	2.4874e-05	0.0044938	0.8004	0.62532
chr19	47886177	47886535	0.0042175	-0.115258	16	1.0305e-09	1.5715e-07	0.37112	0.48637
chr19	47994479	47994571	1	-0.183876	5	5.152e-06	0.0004246	0.16257	0.34645
chr19	48044057	48044278	0.25544	0.138890	6	1.1063e-07	9.5181e-06	0.82164	0.68275
chr19	48044731	48044790	1	0.107423	6	1.7171e-05	0.0061526	0.8346	0.72717
chr19	48111454	48111516	1	-0.127492	7	1.2613e-05	0.0024409	0.48828	0.61577
chr19	48194366	48194509	1	0.111798	7	0.0029704	0.011524	0.61598	0.50418
chr19	48244304	48244420	2.5904e-13	0.402621	6	4.2077e-14	9.6525e-18	0.80096	0.39834
chr19	48249674	48249791	7.8418e-12	0.341779	7	4.6074e-14	2.922e-16	0.66391	0.32213
chr19	48360128	48360147	1	0.152891	5	0.043016	0.15748	0.80998	0.65709
chr19	48401638	48401672	1	0.117095	6	0.00041916	0.0025273	0.84231	0.72522
chr19	48414917	48414948	0.0087813	0.140224	7	1.776e-08	3.2721e-07	0.20412	0.063893
chr19	48416105	48416154	1	0.121091	9	0.00018548	0.025159	0.65837	0.53728
chr19	48491584	48491674	0.8087	0.103922	5	1.9442e-06	3.0134e-05	0.20385	0.099931
chr19	48501419	48501501	1	-0.143479	5	0.00050708	0.003598	0.15739	0.30087
chr19	48551633	48551856	5.9902e-07	-0.215264	11	4.5741e-14	2.2321e-11	0.34381	0.55907
chr19	48556177	48556592	0.18861	-0.139522	17	7.4429e-09	7.0281e-06	0.37678	0.51631
chr19	48605137	48605239	0.03704	-0.267191	5	8.8223e-10	1.3802e-06	0.24058	0.50777
chr19	48613566	48613676	1	-0.127172	10	6.1555e-06	0.0026593	0.38303	0.5102
chr19	48615387	48615440	0.00011248	-0.274331	8	4.3854e-14	4.1912e-09	0.26191	0.53624
chr19	48616751	48616846	1	-0.116453	7	0.0032382	0.041067	0.26011	0.37657
chr19	48617185	48617351	0.10958	-0.193276	12	4.9259e-11	4.0832e-06	0.36939	0.56267
chr19	48630332	48630439	0.12048	-0.136071	7	1.607e-05	4.4893e-06	0.42616	0.56223
chr19	48673663	48673776	1	0.109873	8	4.6176e-06	0.00023491	0.90371	0.79383
chr19	48681276	48681479	1	0.121694	8	3.1809e-05	0.00019411	0.66289	0.5412
chr19	48699600	48699720	1	0.125543	5	9.8028e-06	0.00017431	0.86416	0.73861
chr19	48717094	48717229	1	-0.177351	7	1.5747e-08	6.6782e-05	0.43561	0.61297
chr19	48735100	48735237	0.022557	-0.231433	9	7.8981e-13	8.405e-07	0.25571	0.48714
chr19	48741299	48741435	0.00021275	-0.132302	20	9.6589e-14	7.9276e-09	0.24735	0.37965
chr19	48746794	48746889	1	0.102871	9	2.025e-06	0.00024302	0.2756	0.17272
chr19	48747164	48747342	2.2336e-10	0.175834	15	4.4742e-14	8.323e-15	0.25271	0.076879
chr19	48755957	48756027	1	-0.147590	5	0.0006771	0.015745	0.38543	0.53302
chr19	48837256	48837509	0.0011142	0.190241	8	1.3144e-12	4.1517e-08	0.32474	0.1345
chr19	48838832	48838951	1	0.130025	18	1.2389e-07	0.00057543	0.71188	0.58185
chr19	48896446	48896583	1.8505e-17	0.283978	19	4.0967e-14	6.8955e-22	0.62516	0.34119
chr19	48937278	48937324	1	-0.128691	7	1.5292e-06	0.0010644	0.64771	0.7764
chr19	48954380	48954427	0.0059238	-0.177398	8	1.3769e-11	2.2073e-07	0.38203	0.55943
chr19	49024619	49024690	1	-0.131222	5	0.000422	0.0024511	0.64592	0.77715
chr19	49042380	49042519	1	-0.118366	8	0.00081841	0.043907	0.47694	0.5953
chr19	49043531	49043606	1	-0.130893	8	2.6944e-06	0.00045071	0.51697	0.64786
chr19	49050468	49050532	0.14247	-0.195019	5	8.7332e-08	5.3087e-06	0.41547	0.61049
chr19	49061613	49061727	0.56902	0.209416	7	3.6232e-08	2.1203e-05	0.51877	0.30936
chr19	49073758	49073906	1	-0.193389	5	1.2832e-06	0.0005426	0.43964	0.63303
chr19	49074759	49074981	1	-0.151096	5	0.0014073	0.014748	0.29518	0.44627
chr19	49154975	49155291	1	0.119272	5	0.0025531	0.01914	0.76034	0.64107
chr19	49196635	49196813	2.4754e-12	-0.244329	17	3.797e-14	9.224e-17	0.23943	0.48376
chr19	49325351	49325497	1	0.121054	9	5.0893e-07	5.5639e-05	0.86808	0.74702
chr19	49335441	49335636	7.8938e-09	0.297945	5	4.13e-14	2.9414e-13	0.54463	0.24669
chr19	49338762	49338878	2.9273e-10	-0.229203	16	4.13e-14	1.0908e-14	0.29562	0.52482
chr19	49339397	49339442	1.0982e-16	-0.374540	7	4.6407e-14	4.0923e-21	0.10016	0.4747
chr19	49388278	49388306	1	0.121544	5	0.011484	0.076756	0.5064	0.38486
chr19	49490500	49490823	1	0.106825	16	1.2915e-07	0.00026744	0.77745	0.67062
chr19	49497918	49497982	1	0.111700	5	0.023018	0.087521	0.68549	0.57379
chr19	49527724	49528204	1.127e-15	0.209327	30	4.3965e-14	4.1994e-20	0.44456	0.23523
chr19	49552775	49552857	1	-0.160834	8	1.0944e-07	3.9931e-05	0.36479	0.52563
chr19	49554980	49555072	1	0.205701	5	8.6263e-07	0.0011834	0.60487	0.39917
chr19	49581062	49581321	0.062511	-0.187534	9	5.8604e-10	2.3293e-06	0.3101	0.49763
chr19	49688046	49688104	1	0.143897	5	6.0615e-05	0.0012839	0.85441	0.71051
chr19	49690512	49690837	0.0022631	-0.131375	12	6.2266e-12	8.4326e-08	0.10436	0.23574
chr19	49701557	49701658	3.7138e-06	-0.199775	8	5.9952e-14	1.3838e-10	0.19302	0.3928
chr19	49908185	49908290	1.7287e-08	0.154392	15	4.5852e-14	6.4415e-13	0.88171	0.72732
chr19	49930722	49930744	1	0.120394	5	0.00085278	0.0084379	0.8361	0.71571
chr19	49954975	49955110	3.4048e-08	-0.259253	8	4.4076e-14	1.2687e-12	0.33914	0.59839
chr19	49961170	49961456	0.01287	0.215893	7	2.2675e-12	4.7957e-07	0.54018	0.32429
chr19	50163041	50163152	1	0.135823	8	0.00022609	0.0012272	0.30355	0.16772
chr19	50188099	50188303	8.1105e-08	-0.212414	15	4.2744e-14	3.0221e-12	0.37611	0.58852
chr19	50203077	50203131	1	0.134635	8	0.00023935	0.012146	0.50514	0.3705
chr19	50259019	50259191	1.817e-07	0.198496	17	4.0634e-14	6.7704e-12	0.46018	0.26168
chr19	50259209	50259292	1	0.106563	5	0.00217	0.048035	0.82843	0.72187
chr19	50288591	50288705	0.0032737	0.104977	8	4.8358e-09	1.2198e-07	0.87286	0.76789
chr19	50344673	50344858	1	0.102340	7	0.00047014	0.010424	0.41049	0.30815
chr19	50358023	50358080	0.050022	0.169407	5	5.9667e-08	1.8639e-06	0.31747	0.14806
chr19	50358414	50358657	1.803e-23	0.140373	40	3.797e-14	6.7183e-28	0.23964	0.099262
chr19	50358659	50358797	8.7194e-09	0.191040	21	4.4076e-14	3.249e-13	0.40128	0.21024
chr19	50361582	50361770	1	0.102537	7	2.9497e-06	9.8508e-05	0.91842	0.81589
chr19	50365607	50365751	1	0.127251	6	0.00041916	0.00012939	0.72013	0.59288
chr19	50428324	50428380	0.015254	0.141407	11	5.0478e-11	5.6838e-07	0.28979	0.14839
chr19	50606170	50606557	4.9863e-10	0.140944	21	4.1855e-14	1.858e-14	0.29069	0.14974
chr19	50607786	50607958	0.0719	0.139718	15	3.1778e-12	2.6791e-06	0.59881	0.45909
chr19	50608029	50608127	1.1154e-14	0.220764	15	4.6074e-14	4.1562e-19	0.32742	0.10665
chr19	50608127	50608455	2.9694e-12	0.130213	30	4.3521e-14	1.1065e-16	0.21712	0.086903
chr19	50635709	50635774	1	0.117648	5	0.023315	0.088807	0.61358	0.49593
chr19	50637951	50638013	1	-0.129151	5	5.5244e-06	0.001534	0.44992	0.57907
chr19	50658826	50658908	0.002216	0.161410	6	5.8317e-10	8.2574e-08	0.23164	0.07023
chr19	50661938	50661993	1	-0.108069	5	0.017976	0.12919	0.46134	0.56941
chr19	50692129	50692248	1	-0.156959	7	2.4785e-07	0.00031301	0.36312	0.52007
chr19	50728251	50728856	1.7467e-07	0.112014	51	4.0079e-14	6.5085e-12	0.34481	0.23279
chr19	50832845	50832918	0.56659	0.152847	5	1.7048e-07	2.1112e-05	0.86993	0.71708
chr19	50854600	50854630	1	0.109910	5	0.0023164	0.11527	0.70349	0.59358
chr19	50872636	50872824	0.3906	0.102623	7	1.0099e-07	1.4555e-05	0.7806	0.67798
chr19	50873382	50873497	0.35452	0.207637	5	5.049e-09	1.321e-05	0.81055	0.60291
chr19	50896941	50897097	1	0.115991	5	0.00054539	0.00615	0.67348	0.55749
chr19	50906947	50907057	1	0.139805	10	3.8644e-08	0.00022535	0.76213	0.62233
chr19	50908523	50908622	1	0.119890	13	4.1446e-08	0.00016412	0.74523	0.62534
chr19	50983952	50984223	1	0.106412	13	5.2753e-05	0.00065038	0.28192	0.17551
chr19	51026572	51026622	0.022197	-0.215621	5	1.8412e-10	8.2711e-07	0.26935	0.48497
chr19	51026646	51026720	1	-0.121799	5	0.0010335	0.045677	0.3054	0.4272
chr19	51027479	51028229	0.013879	-0.135874	16	7.734e-11	5.1716e-07	0.29237	0.42824
chr19	51068716	51068830	1	0.111133	8	8.0897e-06	0.0010269	0.79914	0.68801
chr19	51079549	51079598	1	0.111990	5	1.4683e-05	0.00036598	0.93018	0.81819
chr19	51101718	51101862	7.9649e-05	-0.242298	5	8.0517e-08	2.9679e-09	0.38511	0.62741
chr19	51109635	51109650	1	0.100257	6	0.00013237	0.0061624	0.8821	0.78185
chr19	51123680	51123952	1	0.181808	6	6.7959e-06	8.499e-05	0.64956	0.46775
chr19	51124782	51124950	9.2158e-05	0.163094	15	4.4187e-14	3.434e-09	0.63048	0.46738
chr19	51142166	51142739	1	0.142832	17	1.2467e-09	7.8302e-05	0.63846	0.49563
chr19	51166993	51167467	6.575e-08	0.204566	17	3.9746e-14	2.45e-12	0.45392	0.24935
chr19	51183020	51183100	0.0014119	0.252941	5	8.0206e-12	5.2611e-08	0.55499	0.30205
chr19	51184641	51184703	1	0.151932	5	1.9918e-06	0.00040769	0.49211	0.34018
chr19	51224541	51224665	1	0.127221	5	2.183e-05	0.00087984	0.66907	0.54185
chr19	51225122	51225365	1.245e-09	0.293003	10	4.4964e-14	4.6393e-14	0.68342	0.39042
chr19	51271123	51271192	0.20324	0.112867	11	3.8488e-10	7.5733e-06	0.80015	0.68728
chr19	51271253	51271258	1	0.109974	5	0.00017957	0.0053346	0.71698	0.607
chr19	51271344	51271402	0.5499	0.155803	7	8.7202e-08	2.049e-05	0.64661	0.4908
chr19	51271411	51271479	1	0.113494	10	2.0714e-06	4.7297e-05	0.77628	0.66279
chr19	51372691	51372810	1	0.116119	5	0.0081677	0.0053054	0.25305	0.13693
chr19	51373466	51373652	1	0.105231	10	3.2499e-05	0.0047193	0.84461	0.73937
chr19	51395649	51395756	0.0025518	0.230414	9	5.6399e-14	9.5084e-08	0.72957	0.49916
chr19	51414461	51414719	1	-0.106859	24	2.2718e-08	0.0002043	0.63985	0.74671
chr19	51417146	51417264	3.0618e-07	0.257036	10	4.341e-14	1.1409e-11	0.5677	0.31066
chr19	51417595	51417722	0.13296	0.170081	9	3.8723e-10	4.9542e-06	0.38557	0.21549
chr19	51463691	51463771	1	0.183620	5	8.8446e-07	0.0032628	0.41636	0.23274
chr19	51501737	51501935	5.2359e-25	0.327071	14	4.1189e-14	1.951e-29	0.60494	0.27787
chr19	51551070	51551273	0.0015915	0.211304	9	6.8037e-11	5.9304e-08	0.63854	0.42723
chr19	51566943	51567108	1	0.109783	7	3.9162e-05	0.0026348	0.73091	0.62113
chr19	51630513	51630584	5.3672e-07	0.361264	5	4.7184e-14	1.9999e-11	0.55177	0.19051
chr19	51646976	51647210	1.6318e-06	0.272244	7	5.1736e-14	6.0803e-11	0.58402	0.31178
chr19	51676819	51677058	1	0.187191	5	0.00053556	0.0050561	0.59294	0.40575
chr19	51718944	51719276	1	0.104003	14	5.1906e-05	0.00046262	0.59333	0.48933
chr19	51719444	51719495	0.00023332	0.175488	7	1.7242e-13	8.6941e-09	0.28731	0.11182
chr19	51719823	51719865	1	0.135077	5	8.4205e-05	0.00046397	0.3	0.16492
chr19	51724689	51724744	2.2803e-05	-0.166598	9	3.4361e-13	8.4968e-10	0.25523	0.42182
chr19	51725147	51725262	1	-0.106832	5	0.00031308	0.0042764	0.36755	0.47438
chr19	51761157	51761177	0.1056	0.246880	6	2.1465e-09	3.9349e-06	0.56586	0.31898
chr19	51794302	51794629	1	0.113816	5	1.436e-05	0.0006897	0.72303	0.60922
chr19	51948912	51949144	2.7166e-11	0.159620	29	4.6518e-14	1.0123e-15	0.47047	0.31085
chr19	51949144	51949289	1.5527e-19	0.218033	28	3.7192e-14	5.7856e-24	0.50639	0.28836
chr19	51949454	51949518	1	0.166027	5	1.8076e-06	0.00014123	0.65291	0.48689
chr19	52269101	52269213	0.081498	-0.175524	5	3.734e-08	3.0368e-06	0.3629	0.53843
chr19	52344679	52344762	1	0.107099	6	7.1158e-07	4.2862e-05	0.89148	0.78438
chr19	52451343	52451393	0.80701	0.172969	7	6.4733e-09	3.0071e-05	0.36689	0.19393
chr19	52453536	52453667	8.0669e-09	0.118760	23	4.3854e-14	3.0059e-13	0.21828	0.099517
chr19	52453757	52453861	0.00099596	0.176112	7	5.3435e-11	3.7111e-08	0.32587	0.14976
chr19	52454124	52454240	1	0.139484	5	0.00036375	0.036054	0.38755	0.24806
chr19	52457498	52457599	1	0.101811	5	0.0026795	0.040911	0.77502	0.67321
chr19	52492573	52492688	1	0.126238	5	0.00039187	0.0089413	0.5407	0.41446
chr19	52492692	52493491	8.2252e-45	0.196955	74	5.1736e-14	3.0649e-49	0.48811	0.29116
chr19	52535499	52536515	1.4565e-136	0.332367	88	5.5289e-14	5.4272e-141	0.51917	0.1868
chr19	52569847	52569864	0.27738	0.132444	7	1.5621e-07	1.0336e-05	0.23766	0.10521
chr19	52596455	52596544	1	0.117121	6	0.018189	0.02725	0.71236	0.59524
chr19	52638825	52638958	0.18442	0.168533	8	1.6336e-08	6.872e-06	0.35169	0.18316
chr19	52735880	52735962	0.00032141	-0.150003	11	8.5032e-11	1.1976e-08	0.55123	0.70124
chr19	52858114	52858219	1	0.130309	8	0.00061711	0.0551	0.41774	0.28743
chr19	52897883	52897951	7.495e-05	0.201246	8	9.6034e-14	2.7928e-09	0.55203	0.35078
chr19	52924081	52924365	2.5698e-08	-0.183607	16	4.6185e-14	9.5755e-13	0.25703	0.44064
chr19	53004884	53004971	0.029225	0.111676	5	1.0835e-07	1.089e-06	0.93567	0.824
chr19	53037511	53037766	8.5179e-10	0.165823	24	4.2855e-14	3.174e-14	0.4819	0.31608
chr19	53058144	53058176	0.70649	0.192159	5	4.2443e-07	2.6325e-05	0.60321	0.41105
chr19	53058310	53058651	0.11937	0.136755	9	2.6856e-10	4.4479e-06	0.23329	0.096538
chr19	53255055	53255479	2.4125e-29	0.236487	31	3.8636e-14	8.9894e-34	0.38874	0.15225
chr19	53308322	53308573	1.7999e-07	0.117353	24	4.2966e-14	6.7067e-12	0.27953	0.16218
chr19	53308573	53308700	2.8469e-14	0.177832	27	4.019e-14	1.0608e-18	0.3183	0.14047
chr19	53328952	53329175	4.4704e-12	0.223326	19	4.5963e-14	1.6658e-16	0.56462	0.34129
chr19	53329179	53329489	0.87606	0.110359	25	5.0834e-09	3.2644e-05	0.45205	0.34169
chr19	53360643	53360686	8.9527e-16	0.231203	12	4.1411e-14	3.336e-20	0.3779	0.1467
chr19	53365198	53365273	0.01016	0.118690	10	1.0096e-11	3.7858e-07	0.21106	0.09237
chr19	53396310	53396378	0.6234	-0.113867	12	5.2666e-09	2.3229e-05	0.22133	0.3352
chr19	53463551	53463629	1	0.187813	5	0.00010734	0.0078123	0.49517	0.30736
chr19	53537510	53537611	0.55384	0.135486	10	3.3246e-09	2.0637e-05	0.49994	0.36445
chr19	53537973	53538099	0.00022778	0.105750	28	4.8184e-14	8.4875e-09	0.37114	0.26539
chr19	53554416	53554470	1	0.111907	11	6.7602e-08	0.00010114	0.32687	0.21496
chr19	53603339	53603657	0.3726	0.120720	17	8.7618e-10	1.3884e-05	0.80532	0.6846
chr19	53636675	53636786	1	0.101115	7	2.64e-07	3.943e-05	0.93529	0.83418
chr19	53673976	53674007	1	-0.110072	5	0.0013148	0.0097484	0.36543	0.4755
chr19	53679548	53680071	0.31684	0.112216	11	8.3982e-08	1.1806e-05	0.80121	0.68899
chr19	53682139	53682293	1	0.153593	7	0.00015987	0.0025123	0.66067	0.50708
chr19	53699397	53700072	0.068125	0.102041	7	2.3744e-08	2.5385e-06	0.87784	0.7758
chr19	53720986	53721366	1	0.121883	11	2.4362e-08	0.0017999	0.85226	0.73038
chr19	53738869	53739274	1	0.121929	5	0.00020572	0.0037469	0.78742	0.66549
chr19	53748690	53748730	1	0.121184	5	0.00013107	0.0087201	0.81034	0.68916
chr19	53750861	53751192	1	-0.100471	5	0.00043787	0.0091592	0.60322	0.70369
chr19	53753958	53754169	0.023766	0.131715	8	2.9362e-08	8.8558e-07	0.79135	0.65963
chr19	53824114	53824587	1.7516e-14	0.337450	12	4.6518e-14	6.5268e-19	0.72106	0.38361
chr19	53866741	53866785	5.7157e-05	-0.294742	5	3.0298e-13	2.1298e-09	0.23648	0.53123
chr19	53908317	53908403	0.69471	0.170183	7	3.4469e-07	2.5886e-05	0.29885	0.12867
chr19	53912974	53913010	1	0.102745	8	1.7529e-06	0.0012572	0.90294	0.80019
chr19	53942130	53942167	1	0.121883	5	0.0016105	0.0050391	0.25348	0.1316
chr19	53963212	53963323	0.020679	0.112824	16	2.2268e-09	7.7056e-07	0.21608	0.10326
chr19	53965267	53965412	1	0.123308	10	5.6928e-05	0.0013452	0.6286	0.50529
chr19	53977852	53978335	1	0.132309	11	2.4513e-06	0.000282	0.35791	0.22561
chr19	53993045	53993111	1	0.141311	11	1.7419e-06	8.6289e-05	0.41547	0.27416
chr19	53995596	53995640	1	0.133653	5	6.3794e-07	0.00012418	0.88355	0.7499
chr19	54063831	54064029	3.7633e-20	0.300589	14	4.5075e-14	1.4023e-24	0.65475	0.35416
chr19	54081366	54081647	0.0060469	0.210500	9	1.4411e-13	2.2532e-07	0.82735	0.61685
chr19	54094719	54094779	0.039878	0.224044	5	5.7226e-10	1.4859e-06	0.88288	0.65884
chr19	54100806	54100910	1	0.187135	7	1.5621e-07	0.00016337	0.63849	0.45136
chr19	54102429	54102475	1	-0.106648	5	0.015733	0.18926	0.26816	0.37481
chr19	54114384	54114565	2.523e-17	0.209565	18	4.9072e-14	9.4013e-22	0.32715	0.11759
chr19	54179936	54180035	1	-0.115841	5	0.0028116	0.024441	0.30518	0.42102
chr19	54206999	54207009	0.39166	0.177845	5	2.6714e-08	1.4594e-05	0.83309	0.65524
chr19	54207015	54207101	1	0.105248	5	0.00464	0.056395	0.68225	0.577
chr19	54216917	54217033	0.33922	0.120852	5	5.678e-09	1.264e-05	0.91936	0.79851
chr19	54222966	54223001	0.00010641	-0.159590	12	4.5186e-14	3.9652e-09	0.5088	0.66839
chr19	54223502	54223577	1	-0.151564	5	3.0207e-05	0.00048599	0.36585	0.51742
chr19	54280943	54281240	5.3836e-08	0.261151	9	4.4076e-14	2.006e-12	0.50214	0.24099
chr19	54281272	54281295	1	0.174779	5	0.00012849	0.00018979	0.62673	0.45195
chr19	54312831	54313006	1	0.175146	7	1.7463e-06	8.655e-05	0.44787	0.27272
chr19	54339138	54339312	8.0008e-07	0.254523	11	4.341e-14	2.9813e-11	0.59539	0.34087
chr19	54364731	54365146	5.6738e-23	0.257976	21	3.9635e-14	2.1142e-27	0.53211	0.27414
chr19	54365165	54365303	1	0.151448	10	1.8848e-06	0.00032101	0.44994	0.29849
chr19	54366173	54366250	0.00069132	0.203352	5	1.0167e-11	2.576e-08	0.89624	0.69288
chr19	54415026	54415104	1	-0.140834	7	5.2139e-06	0.0015792	0.45458	0.59541
chr19	54418072	54418271	1.6646e-06	0.280676	9	4.5408e-14	6.2027e-11	0.44257	0.1619
chr19	54466559	54466644	1	-0.173408	6	6.4644e-07	7.2072e-05	0.38491	0.55831
chr19	54469651	54469836	1.7802e-06	-0.201552	9	8.4621e-13	6.6333e-11	0.24863	0.45018
chr19	54502564	54502605	1	0.167580	5	4.289e-08	6.61e-05	0.86149	0.69391
chr19	54502649	54502913	1.4986e-06	0.244242	14	4.5741e-14	5.584e-11	0.61678	0.37254
chr19	54531022	54531091	0.073732	-0.213384	5	5.0763e-07	2.7474e-06	0.33456	0.54794
chr19	54531432	54531678	0.0071066	-0.184556	7	1.2309e-11	2.648e-07	0.45819	0.64275
chr19	54572372	54572794	0.00038125	0.208209	11	3.8202e-12	1.4206e-08	0.49024	0.28203
chr19	54573313	54573912	7.2468e-18	0.233499	25	4.7296e-14	2.7003e-22	0.4983	0.2648
chr19	54592187	54592234	0.024806	0.141050	6	3.8017e-10	9.2431e-07	0.87413	0.73308
chr19	54593418	54593798	2.1748e-16	0.335301	11	4.0634e-14	8.1039e-21	0.57135	0.23605
chr19	54630203	54630989	8.7614e-21	0.253494	25	4.5075e-14	3.2647e-25	0.58169	0.32819
chr19	54636196	54636284	0.12055	-0.139417	8	1.9335e-08	4.4919e-06	0.2187	0.35811
chr19	54661950	54662083	2.9976e-09	0.159933	14	4.3854e-14	1.117e-13	0.81889	0.65895
chr19	54662927	54663030	1	0.180046	7	5.7796e-08	0.00013339	0.58908	0.40903
chr19	54708096	54708245	0.58641	0.234365	5	1.0835e-07	2.1851e-05	0.50075	0.26638
chr19	54729612	54729729	1	0.141744	8	0.00015384	0.0012757	0.72226	0.58052
chr19	54803573	54803628	5.6272e-08	0.199013	11	4.2188e-14	2.0968e-12	0.79482	0.59581
chr19	54816230	54816256	1	0.140082	5	0.00079467	0.016957	0.7007	0.56062
chr19	54850316	54850361	0.14515	0.156565	5	5.0527e-10	5.4085e-06	0.8899	0.73333
chr19	54874124	54874220	0.0011272	0.179404	10	5.5844e-14	4.2e-08	0.81703	0.63762
chr19	54881369	54881482	2.0312e-05	0.156843	9	1.3989e-13	7.5685e-10	0.23915	0.082311
chr19	54905378	54906032	1	0.109121	14	0.0001498	0.0065602	0.50219	0.39307
chr19	54906032	54906071	0.00064453	0.250697	5	1.524e-11	2.4017e-08	0.44702	0.19632
chr19	54906077	54906187	1	0.148096	12	5.7434e-10	7.6903e-05	0.55428	0.40618
chr19	54923633	54923779	0.052575	-0.116087	16	2.0734e-08	1.9591e-06	0.51934	0.63543
chr19	54938005	54938210	1.2964e-23	0.358702	12	4.8517e-14	4.8308e-28	0.67352	0.31482
chr19	54966264	54966482	0.0016244	0.176901	19	1.0703e-13	6.0529e-08	0.74172	0.56482
chr19	55033495	55033521	1	0.111137	5	0.050003	0.15721	0.73915	0.62801
chr19	55132861	55132938	0.0069873	0.137102	11	1.3373e-11	2.6036e-07	0.39158	0.25448
chr19	55181065	55181168	1	0.185091	5	3.4556e-06	0.00071382	0.77508	0.58999
chr19	55181733	55181869	0.1985	0.149659	9	8.7209e-10	7.3964e-06	0.79663	0.64698
chr19	55210269	55210453	1	-0.103536	5	0.00066508	0.00096905	0.31289	0.41643
chr19	55257158	55257173	6.2828e-07	0.294954	8	4.6074e-14	2.3411e-11	0.50238	0.20743
chr19	55325271	55325410	9.9914e-15	0.329409	9	3.9413e-14	3.723e-19	0.60577	0.27636
chr19	55355456	55355540	1	-0.153615	5	5.9371e-05	0.01434	0.20293	0.35654
chr19	55406823	55406954	0.0004708	0.195782	14	7.4774e-13	1.7543e-08	0.50485	0.30907
chr19	55437181	55437276	1	0.108816	11	2.2477e-05	0.0045297	0.52053	0.41171
chr19	55581360	55581469	1	-0.138894	7	3.7683e-05	0.0058326	0.27343	0.41232
chr19	55581839	55581990	0.16644	-0.173886	8	1.2642e-10	6.2019e-06	0.16982	0.34371
chr19	55626530	55626662	0.0020568	0.168462	12	4.5008e-13	7.6639e-08	0.78126	0.61279
chr19	55645108	55645146	1	0.106941	5	0.0010157	0.027152	0.76757	0.66063
chr19	55676276	55676673	4.6071e-05	-0.186467	10	4.8073e-14	1.7167e-09	0.33873	0.5252
chr19	55759362	55759439	1	0.101211	5	7.9207e-05	0.002007	0.85991	0.7587
chr19	55855928	55856097	4.2578e-05	0.169426	9	4.4298e-14	1.5866e-09	0.85213	0.6827
chr19	56061467	56061692	0.10822	0.198712	11	4.3198e-10	4.0323e-06	0.59536	0.39665
chr19	56217052	56217653	8.9466e-31	0.208600	44	4.6518e-14	3.3337e-35	0.33458	0.12598
chr19	56343423	56343661	1	0.111913	5	2.0896e-05	0.00035089	0.88665	0.77474
chr19	56368025	56368086	0.006757	0.122291	11	6.5222e-12	2.5178e-07	0.27091	0.14862
chr19	56368339	56368351	0.079059	0.119679	5	1.1481e-05	2.9459e-06	0.13724	0.017561
chr19	56393944	56394014	1	0.155482	5	0.00030149	0.009415	0.50274	0.34726
chr19	56403364	56403398	1	0.145694	5	6.3479e-06	0.00060158	0.63263	0.48693
chr19	56403398	56403435	1	0.115764	5	0.0010886	0.012859	0.62644	0.51068
chr19	56404740	56404798	1	0.154251	5	1.0027e-05	9.3355e-05	0.68976	0.53551
chr19	56441804	56442060	0.0012201	0.107325	6	2.5768e-09	4.5463e-08	0.93774	0.83042
chr19	56476764	56477096	4.0954e-20	0.159760	25	4.774e-14	1.526e-24	0.2711	0.11134
chr19	56477416	56477614	1.3072e-09	0.122404	34	4.4742e-14	4.8708e-14	0.20702	0.084619
chr19	56507277	56507459	7.4363e-09	0.172762	19	4.341e-14	2.7709e-13	0.344	0.17123
chr19	56618391	56618507	0.5512	0.118258	5	6.3794e-07	2.0539e-05	0.92061	0.80235
chr19	56637994	56638367	1.3052e-08	0.114989	37	4.7184e-14	4.8636e-13	0.28924	0.17425
chr19	56642698	56642964	0.021183	0.108813	25	2.573e-11	7.8934e-07	0.40828	0.29947
chr19	56665038	56665139	1	0.103099	5	0.0011866	0.0082438	0.81977	0.71667
chr19	56671066	56671167	1	0.106166	5	0.0021001	0.0091531	0.81314	0.70697
chr19	56671486	56671846	1.3735e-51	0.183288	63	4.6851e-14	5.1181e-56	0.28553	0.10224
chr19	56671926	56671975	1	0.146097	5	4.8238e-07	4.5474e-05	0.19885	0.052752
chr19	56719110	56719353	4.994e-08	0.153970	22	4.0967e-14	1.8609e-12	0.46082	0.30685
chr19	56765246	56765468	1.1242e-24	0.148348	39	5.0071e-14	4.1888e-29	0.28303	0.13468
chr19	56765476	56765549	1	0.103391	5	6.0646e-07	8.8579e-05	0.33357	0.23017
chr19	56823637	56823654	1	0.114855	7	4.3378e-05	0.00070307	0.93623	0.82138
chr19	56837801	56837917	1	0.112484	9	0.00010977	0.0056003	0.65093	0.53844
chr19	56838439	56838648	0.18682	0.134832	15	9.8795e-10	6.9614e-06	0.62164	0.48681
chr19	56838713	56838841	1	0.101756	7	2.4556e-05	0.002665	0.5649	0.46314
chr19	56840302	56840685	0.00029276	0.169125	17	5.7065e-14	1.0909e-08	0.58608	0.41695
chr19	56840740	56841440	3.0038e-15	0.116338	53	4.2744e-14	1.1193e-19	0.57227	0.45593
chr19	56864474	56865038	2.7647e-11	0.146525	45	4.4187e-14	1.0302e-15	0.74182	0.5953
chr19	57095791	57095985	1	0.133613	7	2.7623e-05	0.00018621	0.77974	0.64612
chr19	57099320	57099331	2.5061e-07	0.268313	5	4.4298e-14	9.3381e-12	0.4933	0.22498
chr19	57099331	57099466	7.2794e-14	0.116335	26	4.6518e-14	2.7125e-18	0.1907	0.074364
chr19	57099467	57099569	1.8189e-15	0.180788	24	3.9191e-14	6.7775e-20	0.34473	0.16394
chr19	57119010	57119137	1	0.155327	5	5.152e-06	0.0010508	0.79958	0.64425
chr19	57119292	57119413	1	0.100557	9	0.00059578	0.010986	0.84026	0.73971
chr19	57171538	57171873	0.00023998	0.132209	17	4.3632e-14	8.942e-09	0.23365	0.10144
chr19	57172318	57172384	0.23268	0.118770	9	1.3905e-07	8.67e-06	0.18488	0.066113
chr19	57172402	57172635	1.3142e-16	0.193875	24	4.9405e-14	4.8969e-21	0.29984	0.10596
chr19	57192519	57192563	1	0.106589	6	0.00017337	0.011779	0.74436	0.63777
chr19	57317532	57317875	1.4623e-05	0.160546	19	4.4187e-14	5.449e-10	0.3911	0.23056
chr19	57320995	57321045	0.0030709	0.143024	5	8.2298e-11	1.1443e-07	0.25191	0.10889
chr19	57350842	57350957	0.001769	0.175657	7	1.3749e-09	6.5915e-08	0.39493	0.21927
chr19	57477913	57477995	1	-0.187554	5	1.8076e-06	0.00057832	0.48446	0.67202
chr19	57527204	57527220	0.00020574	0.132263	9	9.1149e-14	7.6661e-09	0.21917	0.086905
chr19	57583642	57583738	0.0019388	0.113322	12	3.6444e-10	7.2244e-08	0.21015	0.096826
chr19	57583753	57583788	5.1055e-08	0.215950	14	4.0634e-14	1.9024e-12	0.37925	0.1633
chr19	57583854	57584021	1.4572e-05	0.144923	7	1.1815e-11	5.4296e-10	0.1868	0.041873
chr19	57584165	57584228	0.0015532	0.135037	8	3.7074e-11	5.7876e-08	0.18044	0.045408
chr19	57614710	57614764	1	0.103198	8	1.7413e-05	0.0027204	0.25387	0.15068
chr19	57682729	57682809	1	0.116299	8	6.4861e-07	7.5987e-05	0.63085	0.51455
chr19	57708625	57709588	1.0522e-110	0.270278	89	5.3513e-14	3.9206e-115	0.42325	0.15297
chr19	57727101	57727502	1.0446e-15	0.118994	22	4.2188e-14	3.8924e-20	0.15099	0.031994
chr19	57738540	57738618	6.5092e-06	0.192015	9	4.2299e-14	2.4254e-10	0.33562	0.1436
chr19	57769321	57769400	0.019807	0.252175	8	4.5219e-13	7.3807e-07	0.66759	0.41541
chr19	57830752	57830795	1	-0.118127	5	1.2215e-06	0.00026152	0.72892	0.84704
chr19	57934891	57935168	3.7194e-18	0.134591	39	4.9849e-14	1.3859e-22	0.2273	0.092713
chr19	57935179	57935325	3.3906e-15	0.175728	22	3.9524e-14	1.2634e-19	0.24028	0.064556
chr19	57935325	57935621	8.5062e-29	0.210299	29	4.4076e-14	3.1696e-33	0.37591	0.16561
chr19	58003326	58003379	1	0.188906	6	1.1524e-07	0.00022367	0.42967	0.24076
chr19	58033747	58033841	3.1335e-14	0.240355	13	4.4298e-14	1.1676e-18	0.41428	0.17392
chr19	58043116	58043229	6.9161e-06	0.202998	17	4.1078e-14	2.5771e-10	0.49034	0.28734
chr19	58118392	58118648	1.3746e-16	0.197755	33	4.4853e-14	5.122e-21	0.47949	0.28173
chr19	58118683	58118710	1	0.179933	5	4.9172e-06	0.0025648	0.6096	0.42966
chr19	58118740	58118787	1	0.101855	6	0.00056945	0.023202	0.48041	0.37856
chr19	58119010	58119143	1	0.110987	8	2.3089e-06	0.00095509	0.80191	0.69092
chr19	58203870	58203896	1	0.126562	5	1.487e-06	0.0001582	0.87602	0.74946
chr19	58217035	58217500	2.2077e-07	0.118882	46	4.7184e-14	8.2263e-12	0.73061	0.61173
chr19	58279661	58279898	0.13032	0.160615	13	3.6733e-10	4.8561e-06	0.49678	0.33616
chr19	58356209	58356271	1.9798e-11	0.244628	10	4.6074e-14	7.3771e-16	0.3428	0.098174
chr19	58356277	58356393	0.0097047	0.101986	14	4.0405e-11	3.6162e-07	0.18272	0.080735
chr19	58356820	58357038	7.0928e-20	0.164792	34	4.341e-14	2.6429e-24	0.28426	0.11947
chr19	58400618	58400651	1	-0.186250	5	1.0027e-05	0.00083044	0.38666	0.57291
chr19	58407727	58407744	1	-0.142649	7	0.00017368	0.013071	0.53273	0.67538
chr19	58440527	58440940	0.11642	0.117867	37	2.3255e-11	4.3379e-06	0.4126	0.29474
chr19	58466498	58466570	1	-0.121146	5	0.023614	0.050577	0.33854	0.45968
chr19	58511825	58512171	1	-0.146605	5	0.0085291	0.056284	0.66063	0.80723
chr19	58561977	58562089	0.10974	-0.182862	10	8.4838e-08	4.0891e-06	0.47565	0.65851
chr19	58581244	58581400	1.8507e-45	0.299542	28	5.651e-14	6.896e-50	0.4641	0.16456
