chr14	18333695	18333716	0.27685	0.190412	5	6.0205e-09	1.3406e-05	0.86572	0.67531
chr14	18635564	18635622	1	0.105850	5	0.0040395	0.030451	0.70317	0.59732
chr14	19026673	19026841	0.98419	0.102655	11	6.0555e-09	4.7658e-05	0.88003	0.77737
chr14	19098368	19098403	1	0.185955	5	2.9569e-07	0.00023935	0.78401	0.59805
chr14	19099328	19099382	1	0.105444	9	1.3108e-08	0.00011629	0.8703	0.76485
chr14	19372888	19373150	2.6771e-07	0.193757	18	4.5408e-14	1.2964e-11	0.65985	0.46609
chr14	19668475	19669014	1.3362e-06	0.115604	30	4.4409e-14	6.4706e-11	0.80104	0.68543
chr14	19780651	19780816	0.63536	0.121886	8	8.7417e-07	3.0767e-05	0.72649	0.6046
chr14	19976001	19976022	1	0.125144	5	7.2978e-05	0.0084336	0.81574	0.69059
chr14	20099050	20099084	1	0.139886	5	2.0444e-05	0.00012272	0.89226	0.75237
chr14	20197812	20197930	0.98645	0.128970	10	2.4991e-09	4.7767e-05	0.89617	0.7672
chr14	20413905	20413963	1.5886e-06	0.171468	8	4.3521e-14	7.6925e-11	0.26819	0.096726
chr14	20430565	20430623	2.9263e-07	-0.299156	8	4.1855e-14	1.417e-11	0.44745	0.7466
chr14	20435365	20435452	1	-0.124631	8	2.5393e-06	0.0001558	0.56837	0.693
chr14	20468947	20468997	1	-0.148730	5	0.0001476	0.00023654	0.51682	0.66555
chr14	20510650	20510729	1	0.150560	5	1.3785e-07	7.3644e-05	0.78695	0.63639
chr14	20556738	20556867	1	0.114225	5	1.4044e-05	0.0005747	0.4926	0.37838
chr14	20578537	20578653	1	0.112512	6	0.00011548	0.010528	0.81655	0.70404
chr14	20584089	20584311	1	0.142778	11	4.1795e-08	0.00010816	0.77172	0.62894
chr14	20590175	20590263	1	0.129829	5	8.002e-07	0.00020401	0.79804	0.66821
chr14	20592252	20592331	1	0.129413	5	0.0080504	0.11726	0.62326	0.49385
chr14	20625310	20625966	4.6131e-47	0.225729	51	4.2633e-14	2.2338e-51	0.39376	0.16803
chr14	20627206	20627256	1	0.103401	5	0.00070173	0.0071435	0.8129	0.7095
chr14	20633486	20633531	1	0.108285	5	0.0022058	0.018595	0.30859	0.20031
chr14	20633590	20633619	0.04274	0.145763	10	1.9479e-10	2.0697e-06	0.45233	0.30656
chr14	20653071	20653168	5.6539e-06	0.139278	16	4.1744e-14	2.7378e-10	0.25127	0.11199
chr14	20653256	20653323	1.5384e-10	0.135436	13	4.2411e-14	7.4495e-15	0.22545	0.090014
chr14	20653323	20653338	0.0058903	0.212314	5	9.8285e-12	2.8523e-07	0.34652	0.1342
chr14	20657458	20657553	0.61417	0.155093	7	8.1368e-09	2.974e-05	0.65987	0.50478
chr14	20660045	20660153	0.46841	0.121275	8	1.7775e-08	2.2682e-05	0.79748	0.6762
chr14	20663348	20663597	7.6192e-31	0.211559	25	4.674e-14	3.6895e-35	0.31123	0.099668
chr14	20685292	20685424	0.00065053	-0.224762	5	3.2992e-12	3.1501e-08	0.29052	0.51528
chr14	20687441	20687528	1.6276e-11	-0.326040	7	4.563e-14	7.8816e-16	0.3575	0.68354
chr14	20723627	20723700	6.1083e-18	0.328659	13	4.9738e-14	2.9579e-22	0.56772	0.23906
chr14	20730961	20731113	1	0.116718	5	3.3623e-05	0.0071678	0.81964	0.70293
chr14	20800216	20800439	7.5127e-10	0.321455	8	4.2966e-14	3.6379e-14	0.66691	0.34545
chr14	20801868	20802044	2.4808e-09	-0.245541	9	4.3188e-14	1.2013e-13	0.26912	0.51466
chr14	20802764	20803161	1.7545e-07	-0.231260	16	4.4187e-14	8.4959e-12	0.27718	0.50844
chr14	20873703	20874024	7.554e-44	0.215979	33	5.107e-14	3.6579e-48	0.31477	0.09879
chr14	20891073	20891900	3.8298e-13	0.198475	30	4.2522e-14	1.8545e-17	0.76443	0.56595
chr14	20919054	20919136	0.017416	0.211728	5	6.5722e-09	8.4335e-07	0.80564	0.59391
chr14	20955524	20955547	1	0.163147	6	2.1113e-08	0.00018668	0.86214	0.69899
chr14	20955609	20955731	5.6362e-07	0.310931	8	4.3632e-14	2.7293e-11	0.6114	0.30047
chr14	20968070	20968145	1	0.106273	5	3.1532e-05	0.00095401	0.89902	0.79275
chr14	20971041	20971437	4.9626e-31	0.173446	45	4.7962e-14	2.4031e-35	0.27588	0.10243
chr14	20996843	20996921	1.0738e-07	-0.301820	5	4.5519e-14	5.1999e-12	0.39903	0.70085
chr14	20998031	20998407	2.3215e-12	-0.255172	9	4.0079e-14	1.1242e-16	0.38335	0.63853
chr14	20999113	20999344	8.3032e-17	-0.285186	8	3.9857e-14	4.0207e-21	0.24488	0.53007
chr14	21026001	21026069	0.012793	0.203026	8	4.7964e-10	6.1948e-07	0.62183	0.41881
chr14	21033682	21033842	1	0.104363	5	0.0001391	0.004107	0.88666	0.7823
chr14	21034984	21035413	1	0.118828	12	2.2985e-08	0.00031127	0.86615	0.74732
chr14	21039061	21039149	1	-0.150945	5	4.1736e-06	0.00050699	0.20844	0.35939
chr14	21042154	21042225	1	-0.140257	5	7.237e-07	0.00075464	0.42121	0.56147
chr14	21043231	21043302	1.5437e-05	0.234895	8	7.9249e-12	7.4752e-10	0.69216	0.45727
chr14	21056714	21056780	1.4852e-07	-0.312978	5	4.4964e-14	7.192e-12	0.2102	0.52317
chr14	21099394	21099520	0.013944	-0.154250	12	2.7145e-12	6.7522e-07	0.22206	0.37631
chr14	21101252	21101389	1	-0.168067	5	1.0027e-05	0.0010483	0.46236	0.63042
chr14	21106433	21106590	1	0.102137	5	0.0013374	0.042122	0.8453	0.74316
chr14	21570145	21570713	0.030587	0.102861	12	2.2237e-10	1.4811e-06	0.8467	0.74383
chr14	21643431	21643508	1	0.108260	5	0.01374	0.021062	0.75455	0.64629
chr14	21723041	21723205	1	0.164450	5	6.9608e-06	0.00037261	0.71129	0.54684
chr14	21723513	21723647	9.2049e-19	0.233310	12	4.5852e-14	4.4574e-23	0.56119	0.32788
chr14	21748692	21748802	1	-0.113125	5	0.040081	0.077063	0.25212	0.36525
chr14	21902596	21902792	1	0.151031	5	4.9172e-06	8.674e-05	0.41348	0.26245
chr14	22105093	22105330	0.011211	0.166518	9	2.1629e-09	5.4288e-07	0.34623	0.17971
chr14	22226645	22226706	5.6239e-13	0.388088	5	4.0634e-14	2.7233e-17	0.7715	0.38341
chr14	22236725	22237077	0.040308	0.138858	12	4.388e-09	1.9519e-06	0.77522	0.63636
chr14	22243896	22244061	1	0.121310	5	4.9211e-05	0.00012899	0.84793	0.72662
chr14	22433305	22433414	1.9527e-05	0.221434	5	1.9932e-11	9.4557e-10	0.68878	0.46735
chr14	22482173	22482276	1	0.180924	6	2.5606e-08	0.00011003	0.68709	0.50617
chr14	22484119	22484150	0.00099197	0.153185	5	8.8776e-12	4.8035e-08	0.87217	0.71899
chr14	22489393	22489415	1	0.125986	5	9.3682e-06	0.00073535	0.7883	0.66231
chr14	22494828	22494900	1	0.131772	7	1.0777e-07	4.8672e-05	0.75281	0.62104
chr14	22497647	22497719	2.6096e-06	0.214404	10	3.9968e-14	1.2637e-10	0.85795	0.64355
chr14	22505913	22506262	1	0.148681	8	9.0719e-07	0.00011035	0.60415	0.45547
chr14	22506262	22506537	3.8045e-08	0.187925	9	4.2411e-14	1.8423e-12	0.79213	0.60421
chr14	22509013	22509298	0.00080375	0.135206	10	6.0063e-14	3.8921e-08	0.77935	0.64414
chr14	22517487	22517601	1	0.103999	5	0.00076701	0.0014138	0.5167	0.4127
chr14	22518678	22518711	0.1422	0.116352	5	2.881e-07	6.8857e-06	0.87888	0.76252
chr14	22524062	22524332	3.636e-06	0.178868	9	4.3077e-14	1.7607e-10	0.81316	0.63429
chr14	22546601	22546716	1	0.114129	6	8.4512e-07	0.00010678	0.69767	0.58354
chr14	22558749	22558900	0.0041568	0.129414	15	1.189e-13	2.0129e-07	0.85362	0.72421
chr14	22614254	22614334	7.7752e-05	-0.245784	5	6.608e-13	3.765e-09	0.36243	0.60821
chr14	22815228	22815351	0.004177	-0.204516	5	6.893e-10	2.0227e-07	0.21888	0.4234
chr14	22820934	22821220	1	-0.136711	6	4.5952e-05	0.010577	0.55141	0.68812
chr14	22848257	22848344	1	0.174772	5	0.0001337	0.010072	0.53336	0.35859
chr14	22973237	22973481	1	0.122950	7	0.00038457	0.034855	0.71606	0.59311
chr14	22976699	22976853	1	-0.165272	8	1.185e-07	0.00010706	0.29775	0.46302
chr14	22977842	22977931	8.9738e-05	-0.280236	5	1.5763e-11	4.3454e-09	0.2264	0.50664
chr14	23009676	23009789	1	0.126912	5	0.00086791	0.016679	0.2678	0.14089
chr14	23117372	23117587	1	0.101720	5	3.0863e-05	0.0014672	0.89761	0.79589
chr14	23117592	23117604	0.13415	0.174267	5	1.7787e-09	6.4962e-06	0.92393	0.74966
chr14	23119848	23120021	0.0029349	0.202556	8	4.1005e-12	1.4212e-07	0.82828	0.62572
chr14	23120045	23120238	5.4514e-15	0.361970	9	4.4187e-14	2.6398e-19	0.72158	0.35961
chr14	23154599	23154711	1	-0.111769	12	3.4719e-07	0.0002136	0.33095	0.44272
chr14	23155112	23155183	1	0.101641	5	0.00036375	0.011884	0.30425	0.20261
chr14	23161430	23161501	0.0075497	0.173907	8	1.4588e-10	3.6559e-07	0.81353	0.63963
chr14	23377247	23377280	1	0.143705	5	0.0021348	0.0024229	0.72307	0.57937
chr14	23384591	23384660	1	0.107221	5	4.7189e-05	0.0011376	0.88965	0.78243
chr14	23386070	23386375	1	0.104664	7	1.7412e-05	0.00078076	0.92263	0.81797
chr14	23415963	23416064	0.0051745	0.136698	10	5.9382e-10	2.5057e-07	0.89834	0.76164
chr14	23419488	23419533	0.93543	0.128443	5	2.7349e-07	4.5297e-05	0.90243	0.77399
chr14	23469120	23469253	1.5979e-08	0.174475	19	4.5297e-14	7.7374e-13	0.40403	0.22955
chr14	23544622	23544651	0.042193	-0.250957	9	2.6823e-13	2.0432e-06	0.38925	0.6402
chr14	23545285	23545372	1	0.141838	5	4.0318e-07	0.00015403	0.83164	0.6898
chr14	23572961	23573043	0.00056108	0.222303	5	7.752e-12	2.717e-08	0.51754	0.29524
chr14	23583908	23584061	0.36923	0.165232	8	2.4176e-08	1.788e-05	0.80761	0.64238
chr14	23641370	23641384	1	0.100979	5	0.0027229	0.0011176	0.91042	0.80944
chr14	23891840	23891898	1	0.127357	5	1.1626e-06	0.00023108	0.9247	0.79735
chr14	23891990	23892020	0.011111	0.178958	5	1.5759e-09	5.3802e-07	0.88029	0.70133
chr14	23892960	23893060	1	0.138064	5	0.00011864	0.0077675	0.88423	0.74616
chr14	23953209	23953279	1	-0.188553	5	5.3975e-06	0.0010834	0.2886	0.47715
chr14	23954708	23954983	1	-0.211360	5	8.4132e-07	0.00020587	0.34011	0.55147
chr14	24070964	24071317	1.383e-06	0.173804	14	4.6962e-14	6.6968e-11	0.73943	0.56562
chr14	24072132	24072221	1	-0.195027	5	2.5291e-07	0.00017553	0.36473	0.55976
chr14	24132290	24132449	0.00044069	0.174946	19	3.5971e-13	2.134e-08	0.69837	0.52343
chr14	24132465	24132619	6.2737e-15	0.301777	11	4.1855e-14	3.038e-19	0.70125	0.39947
chr14	24171790	24172617	1.5597e-92	0.333131	65	3.153e-14	7.5525e-97	0.58975	0.25661
chr14	24207317	24207408	0.86787	0.175683	5	2.4034e-09	4.2026e-05	0.90131	0.72563
chr14	24241875	24241966	1	-0.121937	5	5.0253e-05	0.0017504	0.15182	0.27376
chr14	24300532	24300579	1	-0.118401	7	0.00025526	0.0096656	0.22209	0.34049
chr14	24308502	24308609	1	0.126186	5	2.3817e-05	0.00091	0.73656	0.61038
chr14	24311387	24311528	4.6734e-30	0.175768	28	4.0634e-14	2.263e-34	0.23711	0.06134
chr14	24316116	24316341	1.1922e-14	-0.222196	27	4.6629e-14	5.773e-19	0.16901	0.3912
chr14	24339150	24339189	1	-0.119240	5	0.00027951	0.0082729	0.68597	0.80521
chr14	24340331	24340554	1	-0.107081	5	0.0025531	0.019563	0.32331	0.43039
chr14	24574480	24574525	1	0.101345	5	0.0024718	0.11076	0.8157	0.71435
chr14	24576400	24576472	1.0785e-07	0.316630	6	4.2966e-14	5.2223e-12	0.62353	0.3069
chr14	24576883	24577062	0.00042665	0.171434	7	1.4004e-09	2.066e-08	0.81029	0.63886
chr14	24606609	24606737	1	0.128639	5	3.5446e-07	5.5203e-05	0.86646	0.73782
chr14	24634082	24634525	1	0.142662	6	0.0004133	0.01513	0.78688	0.64422
chr14	24942537	24942622	1	-0.129387	5	3.3623e-05	0.0013587	0.51615	0.64554
chr14	24982502	24982598	0.72419	-0.183311	5	8.9725e-08	3.5068e-05	0.23025	0.41356
chr14	25042586	25042621	1	-0.124405	5	0.00038465	0.024736	0.51097	0.63537
chr14	25048681	25048844	0.0055152	-0.186832	7	1.5927e-12	2.6707e-07	0.13526	0.32209
chr14	25458088	25458278	1	0.137739	5	3.9818e-06	0.00091926	0.86661	0.72887
chr14	26204751	26204880	1.5259e-16	0.232564	15	4.4964e-14	7.3892e-21	0.41018	0.17762
chr14	26260536	26260871	8.4997e-06	0.119408	17	4.4631e-14	4.1159e-10	0.8842	0.76479
chr14	28264387	28264447	0.59471	0.171787	13	7.7607e-09	2.8798e-05	0.5355	0.36371
chr14	28762100	28762111	2.1321e-05	0.154799	9	3.3573e-13	1.0324e-09	0.30732	0.15253
chr14	28767967	28768066	0.0044447	0.144184	11	5.7221e-13	2.1523e-07	0.31332	0.16913
chr14	28774003	28774370	2.9634e-18	0.110103	47	4.0079e-14	1.435e-22	0.21778	0.10767
chr14	28774464	28774479	1	0.100751	6	8.0922e-06	0.0035851	0.30152	0.20077
chr14	28774483	28774580	4.7792e-07	0.139675	22	4.1966e-14	2.3143e-11	0.30208	0.16241
chr14	28775008	28775034	2.738e-05	0.205194	7	9.2704e-14	1.3259e-09	0.37881	0.17362
chr14	28777997	28778252	1.0952e-10	0.112540	22	4.6407e-14	5.3032e-15	0.2155	0.10296
chr14	28785543	28785802	1.0042e-19	0.200991	27	5.1514e-14	4.8626e-24	0.38274	0.18175
chr14	29585303	29585370	1	-0.108819	5	0.00016285	0.016592	0.33615	0.44497
chr14	29905780	29905897	2.3443e-06	-0.219664	8	8.0269e-14	1.1352e-10	0.39576	0.61542
chr14	29913724	29913788	2.3614e-09	-0.253457	8	4.1855e-14	1.1435e-13	0.33876	0.59222
chr14	29928333	29928610	2.7098e-05	0.222626	11	4.0412e-14	1.3122e-09	0.64501	0.42238
chr14	30083597	30083620	1	0.101056	5	0.0012492	0.037385	0.66994	0.56889
chr14	30210919	30211100	1	0.123934	6	1.1882e-06	0.00011631	0.77991	0.65598
chr14	30229043	30229322	1	0.110969	5	6.2201e-07	0.00042675	0.89709	0.78612
chr14	30270866	30270967	1	-0.115679	5	4.5246e-05	0.0016615	0.089662	0.20534
chr14	30293341	30293396	1	0.122287	8	1.7413e-05	0.00089971	0.7919	0.66961
chr14	30547732	30547858	1	0.126267	7	0.00013529	0.00025139	0.89228	0.76601
chr14	30558499	30558609	0.38978	-0.179634	5	7.4572e-06	1.8875e-05	0.24121	0.42085
chr14	30873937	30874000	1.0611e-06	0.198670	6	5.5844e-14	5.1382e-11	0.76341	0.56474
chr14	30874004	30874031	1	0.125643	5	1.8976e-06	0.00094426	0.88986	0.76421
chr14	30874031	30874071	0.15955	0.160088	5	9.532e-07	7.726e-06	0.50667	0.34659
chr14	30875797	30875878	4.0497e-05	0.207290	13	4.6629e-14	1.961e-09	0.71209	0.5048
chr14	30966544	30966721	1	0.129006	5	9.903e-05	0.0013343	0.89547	0.76647
chr14	31080349	31080486	1	-0.190111	5	1.0257e-05	0.00021343	0.52758	0.71769
chr14	31388861	31388997	2.4154e-09	0.182533	9	4.0856e-14	1.1696e-13	0.73948	0.55695
chr14	31711529	31711618	1	0.152319	5	0.009839	0.007739	0.88541	0.7331
chr14	31944478	31944524	1	-0.149487	5	0.00019791	0.0029425	0.21357	0.36306
chr14	31950934	31951000	0.065324	-0.110949	10	5.4977e-10	3.1632e-06	0.12251	0.23346
chr14	32010117	32010237	1	0.121835	5	4.6208e-05	0.00093192	0.82553	0.70369
chr14	33165982	33166126	1	0.119331	5	1.3785e-07	8.2653e-05	0.89565	0.77632
chr14	33199200	33199267	0.016278	0.239063	5	2.3008e-10	7.8823e-07	0.84967	0.61061
chr14	33363076	33363182	1	0.118787	7	3.7638e-06	0.00019076	0.87509	0.75631
chr14	33612348	33612442	2.054e-07	0.298053	7	4.2855e-14	9.9464e-12	0.68638	0.38832
chr14	33620916	33621033	0.0045996	0.115153	6	5.1805e-10	2.2273e-07	0.84587	0.73071
chr14	33711298	33711396	1	0.107584	9	8.5365e-05	0.0010229	0.87553	0.76794
chr14	33800116	33800318	0.27167	0.113513	18	2.0887e-08	1.3155e-05	0.2789	0.16539
chr14	33925581	33925644	0.3861	0.140365	8	7.3596e-09	1.8697e-05	0.91777	0.77741
chr14	33946535	33946632	1	0.125955	5	0.0001163	0.0016488	0.76369	0.63774
chr14	34018807	34018928	3.4959e-07	0.181936	13	4.5519e-14	1.6929e-11	0.70412	0.52218
chr14	34222815	34222967	2.114e-08	-0.258886	8	4.1078e-14	1.0237e-12	0.32598	0.58486
chr14	34345042	34345335	0.036959	0.110458	14	9.4198e-11	1.7897e-06	0.8776	0.76714
chr14	34346062	34346195	1.9878e-05	0.124484	11	1.148e-13	9.6257e-10	0.92998	0.8055
chr14	34497069	34497150	1.166e-06	-0.205583	8	4.1744e-14	5.6462e-11	0.22567	0.43125
chr14	34554731	34554850	1	-0.153558	6	0.00056945	0.018584	0.28099	0.43455
chr14	34630427	34630464	3.4109e-12	0.261259	10	4.4076e-14	1.6517e-16	0.47684	0.21558
chr14	34715346	34715383	3.9781e-05	-0.218829	5	1.9049e-12	1.9263e-09	0.16432	0.38315
chr14	34843341	34843432	1	0.106457	5	0.009839	0.071499	0.72255	0.61609
chr14	35160067	35160182	1	-0.126315	7	3.5548e-06	0.0006858	0.1822	0.30851
chr14	35366251	35366337	0.008522	0.207585	10	5.6573e-11	4.1267e-07	0.78632	0.57874
chr14	35384805	35384868	1	-0.202142	5	4.3743e-06	0.0015438	0.40159	0.60374
chr14	35407133	35407334	1	-0.135650	6	0.036635	0.0044825	0.14576	0.28141
chr14	36169301	36169359	0.87053	0.114131	6	9.4722e-07	4.2155e-05	0.86325	0.74912
chr14	36223958	36224115	0.00026011	0.111983	17	6.8834e-14	1.2595e-08	0.90093	0.78895
chr14	36371368	36371412	1	0.140469	5	1.4158e-06	0.00019969	0.83331	0.69284
chr14	36371519	36371728	0.033564	0.138144	7	9.0383e-09	1.6253e-06	0.88888	0.75073
chr14	36440990	36441256	1	0.111465	5	0.00066508	0.0021814	0.45791	0.34645
chr14	36516503	36516807	0.037934	0.145922	11	6.7055e-10	1.8369e-06	0.31967	0.17375
chr14	36521955	36521967	0.3639	0.280217	5	1.0156e-08	1.7621e-05	0.54686	0.26664
chr14	36544260	36544450	9.1955e-06	0.102193	16	2.1683e-13	4.4528e-10	0.87088	0.76869
chr14	36583333	36583489	4.1993e-09	0.102070	24	4.341e-14	2.0335e-13	0.22622	0.12415
chr14	36583565	36583632	7.2373e-09	0.204877	13	4.6185e-14	3.5046e-13	0.48375	0.27887
chr14	36583881	36584021	1	0.127578	5	0.00040667	0.00029988	0.32675	0.19917
chr14	36584029	36584505	1.7843e-41	0.274447	42	4.2411e-14	8.6403e-46	0.49057	0.21613
chr14	36585176	36585344	3.9623e-05	0.222730	7	4.6074e-14	1.9187e-09	0.53173	0.309
chr14	36588942	36589153	0.010035	0.128903	11	1.1122e-10	4.8593e-07	0.24847	0.11957
chr14	36590365	36590554	1	0.133016	6	4.0654e-06	0.00032844	0.24911	0.1161
chr14	36600495	36600587	1	0.137918	5	3.6231e-06	7.5742e-05	0.35566	0.21774
chr14	36654437	36654551	2.0748e-19	0.259354	20	3.9857e-14	1.0047e-23	0.48493	0.22558
chr14	36654555	36655265	2.0077e-33	0.158399	72	3.7859e-14	9.722e-38	0.33536	0.17696
chr14	36655741	36655800	1	0.102847	5	0.026801	0.097691	0.47332	0.37047
chr14	36655802	36655836	0.46633	0.182461	5	1.0835e-07	2.2582e-05	0.46645	0.28399
chr14	36666133	36666655	2.6711e-28	0.268662	31	4.5186e-14	1.2934e-32	0.54452	0.27586
chr14	36666693	36666988	0.21122	0.107941	13	8.7641e-10	1.0228e-05	0.28336	0.17542
chr14	36677226	36677353	0.0007343	0.223453	5	1.4737e-11	3.5558e-08	0.64245	0.419
chr14	36716904	36717007	0.019719	0.118681	10	2.3935e-12	9.5487e-07	0.86405	0.74537
chr14	36788457	36788477	1	0.134201	5	0.00011399	0.00010533	0.81673	0.68252
chr14	37198521	37198726	1	-0.124815	10	5.0529e-06	0.0027974	0.207	0.33182
chr14	37580490	37580601	0.0096363	0.136712	6	1.7459e-09	4.6663e-07	0.89133	0.75462
chr14	37592317	37592358	1.7825e-06	-0.121789	10	4.2855e-14	8.6315e-11	0.044111	0.1659
chr14	37600433	37600475	1	0.109772	5	0.0023544	0.019425	0.22161	0.11184
chr14	37602156	37602238	0.0028651	0.101025	14	3.946e-10	1.3874e-07	0.25576	0.15473
chr14	37610923	37611231	3.8422e-31	0.238484	37	3.5083e-14	1.8606e-35	0.52641	0.28793
chr14	37622077	37622989	2.0837e-85	0.275887	93	6.6169e-14	1.009e-89	0.54314	0.26725
chr14	37809806	37810011	1	0.141094	7	8.1677e-08	0.00010739	0.87789	0.7368
chr14	37870914	37871043	8.5216e-07	-0.185978	10	4.0412e-14	4.1265e-11	0.25583	0.44181
chr14	37902621	37902718	1	0.123181	5	5.3504e-05	0.0065495	0.7558	0.63262
chr14	38209749	38210521	9.1749e-30	0.198559	51	4.3077e-14	4.4428e-34	0.46604	0.26748
chr14	38210660	38211109	7.1991e-28	0.279914	27	5.2847e-14	3.4861e-32	0.5089	0.22899
chr14	38211596	38211776	1.9406e-11	0.242431	12	4.2299e-14	9.397e-16	0.55573	0.3133
chr14	38254929	38255361	6.6988e-07	0.161488	17	4.2411e-14	3.2438e-11	0.29991	0.13842
chr14	38256266	38256565	4.8369e-42	0.265565	29	4.8184e-14	2.3422e-46	0.42633	0.16077
chr14	38838711	38838729	0.75576	0.122535	5	6.5427e-07	3.6597e-05	0.95369	0.83116
chr14	39233760	39234130	6.1306e-06	-0.239547	7	4.4409e-14	2.9687e-10	0.40445	0.64399
chr14	39433703	39433889	0.6795	-0.105875	13	3.0013e-09	3.2904e-05	0.15377	0.25965
chr14	41154480	41154509	0.5221	0.163158	5	9.0683e-07	2.5282e-05	0.91629	0.75313
chr14	41605581	41605679	0.77189	0.124377	11	1.5208e-09	3.7378e-05	0.27259	0.14821
chr14	41605890	41606112	0.014727	0.140261	9	1.5811e-12	7.1313e-07	0.25909	0.11883
chr14	42113639	42113965	1	0.103610	8	4.8364e-06	5.6773e-05	0.92743	0.82382
chr14	43135195	43135393	0.01819	0.103387	12	1.972e-10	8.8084e-07	0.92419	0.8208
chr14	43135999	43136390	3.9874e-10	0.112210	33	4.3743e-14	1.9308e-14	0.85821	0.746
chr14	43326473	43326679	1	0.100219	8	1.0245e-05	0.00078793	0.86598	0.76576
chr14	43804391	43804512	0.062036	0.113692	9	4.5381e-09	3.004e-06	0.92413	0.81043
chr14	43939233	43939321	0.085227	0.139988	5	1.2421e-08	4.127e-06	0.79408	0.6541
chr14	44381171	44381214	0.031895	0.115224	5	6.6559e-08	1.5445e-06	0.91463	0.7994
chr14	44507012	44507128	1	0.178752	5	6.2201e-07	0.00060585	0.77614	0.59738
chr14	44798427	44798490	1	0.112333	16	1.1972e-09	0.00015518	0.79243	0.68009
chr14	44798512	44798689	1.1114e-08	0.169278	38	4.2077e-14	5.3819e-13	0.71821	0.54894
chr14	44798691	44798806	1	0.125513	12	5.6125e-06	5.0103e-05	0.74666	0.62115
chr14	44898486	44898646	0.16897	-0.201624	7	6.6701e-10	8.182e-06	0.27561	0.47724
chr14	44911991	44912027	1	-0.109670	8	0.00016628	0.0037009	0.35285	0.46252
chr14	44912505	44912528	1	0.154843	5	0.0021001	0.064345	0.46004	0.3052
chr14	45109940	45110026	1	0.102652	6	0.024926	0.090652	0.82663	0.72398
chr14	47243645	47243718	1	0.132747	5	5.5782e-05	0.0020911	0.83604	0.70329
chr14	47675110	47675190	3.6893e-06	0.116754	13	1.1374e-10	1.7865e-10	0.19281	0.076061
chr14	47675619	47675845	4.5405e-06	0.112211	16	5.2802e-13	2.1987e-10	0.17601	0.063797
chr14	48746773	48747041	0.00032923	0.136219	14	7.5318e-13	1.5943e-08	0.86394	0.72772
chr14	48805335	48805356	1	0.113141	5	9.903e-05	0.012848	0.75715	0.64401
chr14	49618692	49619224	0.00024502	0.189203	11	4.3743e-14	1.1865e-08	0.7927	0.6035
chr14	49621880	49622014	1	-0.115494	7	9.3088e-08	0.00024906	0.17849	0.29399
chr14	49688433	49688456	0.0013914	0.103601	5	4.9183e-13	6.7376e-08	0.14597	0.042372
chr14	49688456	49688651	4.068e-10	0.158399	22	4.7518e-14	1.9699e-14	0.3615	0.2031
chr14	49766911	49767010	1	-0.120738	11	1.2136e-06	0.000231	0.47803	0.59876
chr14	49770921	49770936	4.323e-07	-0.227711	6	4.2411e-14	2.0934e-11	0.50524	0.73295
chr14	49907412	49907497	1.3069e-06	-0.219194	5	1.3645e-13	6.3285e-11	0.27706	0.49625
chr14	50007072	50007813	1	-0.144463	13	2.705e-07	5.1025e-05	0.49218	0.63664
chr14	50018387	50018587	3.7211e-05	-0.215502	10	4.774e-14	1.8019e-09	0.30119	0.51669
chr14	50039314	50039528	0.70368	0.143221	5	1.6772e-05	3.4075e-05	0.82034	0.67712
chr14	50109570	50109590	1	-0.109205	5	0.0001391	0.0023134	0.71103	0.82023
chr14	50313389	50313451	8.9126e-10	-0.248726	8	4.1411e-14	4.3158e-14	0.31813	0.56685
chr14	50362958	50363284	5.2725e-26	0.332339	16	3.7748e-14	2.5531e-30	0.59112	0.25878
chr14	50395710	50395956	5.2592e-05	-0.202591	9	7.7716e-14	2.5467e-09	0.406	0.60859
chr14	50531283	50531381	2.5842e-09	-0.347278	5	4.019e-14	1.2514e-13	0.22327	0.57055
chr14	50785943	50786038	0.22365	0.238516	7	5.7411e-10	1.083e-05	0.72228	0.48377
chr14	50822129	50822190	0.015709	0.180684	6	2.6639e-11	7.607e-07	0.82248	0.64179
chr14	50823289	50823452	0.00019399	0.187823	7	1.0503e-13	9.3938e-09	0.64745	0.45963
chr14	50823943	50824198	1.7756e-16	0.284629	9	4.3077e-14	8.5981e-21	0.61846	0.33383
chr14	50832071	50832400	1	-0.104881	7	0.0023986	0.0065939	0.29232	0.39721
chr14	50865212	50865572	0.0014742	0.122950	7	1.8058e-12	7.1385e-08	0.9154	0.79245
chr14	50871566	50871632	6.4715e-06	-0.271945	5	1.6202e-10	3.1337e-10	0.34018	0.61212
chr14	50872354	50872427	0.00012292	0.172521	14	5.3846e-14	5.952e-09	0.47941	0.30689
chr14	50982252	50982306	1	0.103354	5	0.00050708	0.016183	0.87701	0.77365
chr14	51244424	51244617	1	0.152198	5	0.00037756	0.0015116	0.83124	0.67904
chr14	51328095	51328307	0.0014568	0.172900	9	3.0621e-09	7.0544e-08	0.42716	0.25426
chr14	51440103	51440256	0.0020308	-0.207027	5	3.249e-08	9.8338e-08	0.21884	0.42587
chr14	51564929	51565091	0.00061504	-0.243180	5	5.5127e-12	2.9783e-08	0.3288	0.57198
chr14	51752158	51752479	1.5227e-43	-0.267486	34	4.8073e-14	7.3734e-48	0.30191	0.5694
chr14	51752494	51752531	1	-0.146423	8	3.6613e-08	8.0402e-05	0.6219	0.76833
chr14	51774304	51774436	1.5416e-06	-0.237873	9	4.6851e-14	7.4652e-11	0.26635	0.50423
chr14	51827994	51828184	1.5548e-10	0.340491	7	4.1633e-14	7.5287e-15	0.64753	0.30704
chr14	51989021	51989051	1	-0.121452	5	0.0017508	0.029775	0.30242	0.42387
chr14	52069710	52069772	1	0.115434	5	1.0027e-05	0.00030491	0.23803	0.1226
chr14	52069947	52070047	4.905e-09	0.302165	10	4.2744e-14	2.3752e-13	0.44575	0.14359
chr14	52125045	52125153	0.44444	0.168114	6	2.5281e-07	2.1522e-05	0.72248	0.55436
chr14	52269391	52269736	0.20742	-0.177289	7	1.7458e-08	1.0044e-05	0.35975	0.53704
chr14	52361086	52361215	0.00030321	-0.213054	6	2.0664e-11	1.4683e-08	0.30707	0.52012
chr14	52401018	52401153	3.16e-08	0.323169	5	6.1873e-13	1.5302e-12	0.60459	0.28142
chr14	53463097	53463208	0.00068147	0.178363	8	7.9492e-14	3.3e-08	0.79324	0.61488
chr14	53599212	53599344	1	0.102964	5	0.0003706	0.004296	0.7727	0.66973
chr14	53938576	53938638	1	-0.115167	7	7.9218e-05	0.010252	0.56515	0.68032
chr14	53951972	53952193	0.00018895	-0.101055	25	5.1652e-11	9.1497e-09	0.46344	0.5645
chr14	53957093	53957128	0.0032225	0.160410	7	1.4797e-09	1.5605e-07	0.41972	0.25931
chr14	53964034	53964141	4.1721e-21	0.264428	15	4.0745e-14	2.0203e-25	0.58282	0.3184
chr14	54219052	54220616	2.7543e-110	0.311467	100	2.609e-14	1.3337e-114	0.58944	0.27797
chr14	54349337	54349605	9.4572e-28	0.280952	18	4.9072e-14	4.5795e-32	0.61355	0.3326
chr14	54622747	54622762	1.125e-05	0.214957	6	4.6629e-14	5.4476e-10	0.83675	0.62179
chr14	54643610	54643647	0.00080213	-0.231446	5	1.1639e-11	3.8842e-08	0.39275	0.6242
chr14	54653968	54654064	1	0.183969	5	4.4675e-07	0.0014481	0.7517	0.56773
chr14	54654110	54654143	0.00026244	0.272501	6	2.0595e-13	1.2709e-08	0.64781	0.37531
chr14	54672876	54673017	1	0.147642	10	4.8448e-07	0.00021506	0.68911	0.54147
chr14	54719286	54719799	0.00066502	0.105526	11	1.5294e-11	3.2203e-08	0.90402	0.79849
chr14	55103237	55103290	1	-0.126179	5	2.4874e-05	0.0012155	0.085784	0.21196
chr14	55116899	55116949	1	-0.174432	6	2.2433e-07	0.00030867	0.24455	0.41899
chr14	55133666	55133721	1	-0.159726	5	8.95e-05	0.0030103	0.43047	0.59019
chr14	55137634	55137736	0.0031817	-0.237063	5	1.9049e-12	1.5407e-07	0.48915	0.72621
chr14	55180738	55180757	2.7396e-05	0.263144	6	4.4631e-14	1.3266e-09	0.68358	0.42043
chr14	55412315	55412366	1	-0.140918	5	0.0010516	0.025567	0.2948	0.43571
chr14	55440301	55440743	1.0582e-21	0.204176	41	4.8628e-14	5.1243e-26	0.70686	0.50269
chr14	55441558	55441657	0.0079812	0.119928	10	5.0892e-10	3.8648e-07	0.79006	0.67013
chr14	55579075	55579381	4.9219e-23	-0.221823	22	4.341e-14	2.3834e-27	0.20918	0.431
chr14	55762939	55763074	8.3892e-05	0.289131	5	3.0298e-13	4.0624e-09	0.6699	0.38077
chr14	55815249	55815354	3.9074e-05	0.257672	5	1.2468e-13	1.8921e-09	0.84319	0.58552
chr14	55839769	55839809	1	0.120769	5	2.5975e-05	0.0011133	0.86096	0.74019
chr14	56137654	56137847	0.042359	0.127878	8	7.1506e-09	2.0512e-06	0.85077	0.72289
chr14	56178657	56178737	1	0.102645	5	8.3607e-06	0.001502	0.94602	0.84338
chr14	56691202	56691267	0.022471	0.138581	5	7.3848e-09	1.0881e-06	0.788	0.64942
chr14	56733673	56733856	1	0.178423	5	5.6955e-05	0.00010094	0.55921	0.38079
chr14	56796650	56796721	1	0.157166	5	9.0683e-07	0.0012343	0.38571	0.22855
chr14	56799114	56799363	0.012792	0.108889	22	1.233e-10	6.1944e-07	0.32708	0.21819
chr14	56809645	56810709	1.5043e-16	0.108990	55	4.8739e-14	7.2845e-21	0.26388	0.15489
chr14	56844857	56845000	0.0081539	0.260181	5	4.2775e-11	3.9484e-07	0.59868	0.3385
chr14	56991129	56991212	1	0.156417	5	0.00012347	0.014539	0.86965	0.71324
chr14	56992585	56992624	1	0.120003	5	8.6263e-07	0.00011148	0.91154	0.79154
chr14	57021292	57021360	1	0.113457	5	0.0011269	0.016669	0.78432	0.67086
chr14	57392502	57392619	1	-0.147365	5	0.0012926	0.064329	0.2304	0.37776
chr14	57493931	57494253	1	-0.102779	5	0.01283	0.0023391	0.27281	0.37559
chr14	57754940	57755057	0.51706	0.129824	7	2.2901e-07	2.5038e-05	0.71739	0.58756
chr14	57865180	57865424	0.10093	0.121107	12	6.6921e-08	4.8873e-06	0.23355	0.11245
chr14	57962653	57962680	1	0.109541	5	1.3134e-05	0.0018398	0.4767	0.36716
chr14	58395427	58395619	0.30652	-0.193543	5	6.9608e-06	1.4843e-05	0.31199	0.50553
chr14	58396489	58396677	1	-0.131244	5	0.0023164	0.049132	0.45671	0.58795
chr14	58598193	58598293	1	0.101538	5	0.00023997	0.0041167	0.79369	0.69215
chr14	58599345	58599430	8.0726e-05	0.188710	10	4.6296e-14	3.909e-09	0.77522	0.58651
chr14	58639928	58640063	8.7613e-07	-0.270396	5	7.8269e-09	4.2426e-11	0.24987	0.52026
chr14	58687302	58687600	9.7914e-08	0.113348	17	1.0847e-13	4.7413e-12	0.92808	0.81473
chr14	58731415	58731492	1	0.109801	5	0.040081	0.20183	0.57917	0.46937
chr14	58829906	58830098	7.3481e-06	-0.209868	8	4.6629e-14	3.5582e-10	0.20751	0.41738
chr14	59565792	59565816	0.002836	-0.169876	6	1.2488e-10	1.3733e-07	0.41131	0.58118
chr14	59596354	59596453	0.00037582	0.144501	7	1.1577e-11	1.8199e-08	0.86267	0.71816
chr14	59867345	59867483	0.028723	-0.136873	7	2.056e-09	1.3909e-06	0.61017	0.74705
chr14	59869538	59869744	0.79645	-0.103542	10	4.936e-08	3.8567e-05	0.17535	0.2789
chr14	60151903	60152027	1	0.236523	5	3.5446e-07	0.00022292	0.4463	0.20978
chr14	60328245	60328274	0.00062068	0.203691	5	2.3397e-12	3.0056e-08	0.43866	0.23497
chr14	60328286	60328375	1	0.125189	5	0.0087778	0.088654	0.62141	0.49622
chr14	60485259	60485707	3.8274e-25	0.106743	56	4.5852e-14	1.8534e-29	0.20455	0.097802
chr14	60486062	60486139	1	0.115017	9	0.0076706	0.0014362	0.24674	0.13173
chr14	60507275	60507405	0.00013779	0.111333	19	4.5519e-14	6.6722e-09	0.21581	0.10448
chr14	60509182	60509271	2.8507e-06	0.105016	13	4.6407e-14	1.3804e-10	0.16933	0.064311
chr14	60510142	60510554	0.00058051	0.107016	22	6.4948e-14	2.811e-08	0.22045	0.11343
chr14	60515847	60516140	7.6904e-15	0.210796	23	4.7629e-14	3.724e-19	0.4341	0.2233
chr14	60616789	60616846	1.2777e-05	-0.185170	8	6.5969e-13	6.1869e-10	0.20046	0.38563
chr14	60636861	60637611	1.6832e-16	0.221529	31	4.2966e-14	8.1508e-21	0.49707	0.27554
chr14	60637611	60637803	1	0.101555	5	0.00094736	0.036699	0.21417	0.11262
chr14	60641573	60641697	0.012781	0.146699	19	4.9638e-13	6.189e-07	0.44753	0.30083
chr14	60646320	60646377	1	0.106380	5	8.952e-06	0.00031394	0.23963	0.13325
chr14	60655447	60655474	1	0.188101	5	6.5427e-07	0.00010925	0.55122	0.36312
chr14	60724515	60724545	1	-0.111180	5	0.00022222	0.0020629	0.17051	0.28169
chr14	61080668	61080842	1	0.127932	11	7.7808e-09	0.00025287	0.77822	0.65029
chr14	61111357	61111416	1	0.108198	13	7.8861e-07	0.00020889	0.62913	0.52094
chr14	61111416	61111427	1	0.189696	5	4.2443e-07	5.2793e-05	0.76792	0.57822
chr14	61281630	61281823	0.4428	-0.142663	14	3.0004e-09	2.1442e-05	0.34837	0.49103
chr14	61321089	61321110	1	-0.182899	6	9.1995e-08	7.3991e-05	0.14862	0.33152
chr14	61334438	61334634	1	0.141860	7	6.2487e-09	5.6324e-05	0.8098	0.66794
chr14	61355773	61356028	1.0467e-08	0.256022	8	4.4742e-14	5.0687e-13	0.58824	0.33222
chr14	61391500	61391600	0.011793	0.135733	5	2.596e-07	5.7107e-07	0.82981	0.69407
chr14	61439564	61439686	1	0.143328	5	0.0024321	0.0032519	0.38912	0.24579
chr14	61472083	61472175	2.7383e-20	0.376409	9	4.2299e-14	1.326e-24	0.59385	0.21744
chr14	61500000	61500123	0.20386	0.101450	7	2.4566e-08	9.8716e-06	0.95061	0.84916
chr14	61534282	61534435	0.0016538	0.104650	7	8.1905e-10	8.0084e-08	0.94245	0.8378
chr14	61561960	61562074	1	-0.113571	5	0.0011866	0.025674	0.28073	0.3943
chr14	61568926	61569003	0.19758	0.281089	5	1.9047e-08	9.5677e-06	0.49037	0.20928
chr14	61609552	61609734	1	-0.167775	7	5.6194e-09	0.00011019	0.39035	0.55813
chr14	61621564	61621646	0.031837	0.173495	5	2.5255e-08	1.5417e-06	0.90152	0.72802
chr14	61642307	61642585	0.17092	-0.174866	8	4.6505e-10	8.2766e-06	0.29408	0.46894
chr14	61653703	61653752	0.0061563	0.214360	7	3.5889e-11	2.9811e-07	0.65723	0.44287
chr14	61662271	61662491	0.0027914	0.223879	5	7.2256e-11	1.3517e-07	0.75506	0.53118
chr14	61761903	61761950	1	0.156031	5	0.0001052	0.0027413	0.54954	0.39351
chr14	61836270	61836337	0.00017974	-0.280479	5	6.1091e-12	8.7038e-09	0.28104	0.56152
chr14	62117152	62117201	0.0098727	0.186981	7	2.8221e-11	4.7807e-07	0.25064	0.063657
chr14	62117881	62117949	1.6562e-06	0.122880	8	4.3743e-14	8.0201e-11	0.22364	0.10076
chr14	62778178	62778237	1	0.144035	5	7.2978e-05	0.0004547	0.74857	0.60454
chr14	63204727	63205085	1	0.142862	6	3.4374e-05	0.0030086	0.58895	0.44609
chr14	63761866	63762116	4.7316e-07	0.133116	36	4.563e-14	2.2912e-11	0.7775	0.64439
chr14	64196961	64197119	1	0.207165	5	2.8071e-07	6.1973e-05	0.73061	0.52345
chr14	64197140	64197282	1.481e-20	0.283654	15	4.2522e-14	7.1714e-25	0.67353	0.38987
chr14	64220620	64220730	7.6332e-06	0.250779	10	4.5075e-14	3.6963e-10	0.75847	0.50769
chr14	64502655	64502701	1	0.109643	6	0.0015435	0.062382	0.51025	0.4006
chr14	64541286	64541364	0.89977	0.128309	9	3.621e-07	4.357e-05	0.51634	0.38803
chr14	64541374	64541423	0.0013449	0.222613	6	1.2488e-10	6.5123e-08	0.73667	0.51406
chr14	64541859	64542383	4.0467e-31	0.231859	31	4.2744e-14	1.9596e-35	0.39639	0.16453
chr14	64542383	64542656	2.545e-58	0.336155	38	5.5178e-14	1.2324e-62	0.49857	0.16242
chr14	64542706	64542860	0.00013311	0.177642	10	5.9586e-13	6.4459e-09	0.51285	0.33521
chr14	64599682	64599758	1	0.124591	5	3.6231e-06	6.543e-05	0.86608	0.74149
chr14	64601786	64601950	1.5395e-08	0.196392	18	4.5408e-14	7.455e-13	0.7246	0.52821
chr14	64659077	64659312	6.2338e-20	0.340808	13	4.3743e-14	3.0187e-24	0.59055	0.24974
chr14	64702852	64702946	0.47177	0.185272	5	4.5834e-07	2.2845e-05	0.69826	0.51299
chr14	64706561	64706828	3.7451e-23	-0.274579	17	4.5186e-14	1.8135e-27	0.24144	0.51602
chr14	64708506	64708614	1	0.198860	5	0.00012347	0.00030622	0.41316	0.2143
chr14	64716755	64716894	0.010843	-0.112509	11	1.9007e-09	5.2505e-07	0.22874	0.34124
chr14	64720263	64720352	0.00072974	-0.236140	8	4.8295e-14	3.5337e-08	0.25477	0.49091
chr14	64762058	64762110	1	-0.139222	6	4.5255e-06	5.5317e-05	0.25825	0.39747
chr14	64763598	64763641	1	0.157173	5	0.0001391	0.0075564	0.70347	0.5463
chr14	64772642	64772678	1	0.120770	5	2.0896e-05	0.0023154	0.95074	0.82997
chr14	64790458	64790636	1	0.137678	7	7.0863e-05	0.00054522	0.87133	0.73366
chr14	64913902	64914019	1	-0.107743	5	1.487e-06	0.00022385	0.16425	0.27199
chr14	64939122	64939214	1	-0.190730	5	4.1367e-07	0.00063098	0.44814	0.63887
chr14	64941679	64941838	7.0319e-13	-0.281337	10	4.13e-14	3.4051e-17	0.3893	0.67063
chr14	64942547	64942949	5.9033e-25	-0.288261	20	4.9627e-14	2.8586e-29	0.38194	0.6702
chr14	64943654	64943848	2.8151e-12	0.280909	11	4.0523e-14	1.3632e-16	0.66012	0.37921
chr14	64960862	64961085	1	-0.124835	8	4.6714e-06	0.00067993	0.428	0.55284
chr14	65096946	65097058	1	-0.101289	5	0.09861	0.38362	0.57871	0.68
chr14	65101086	65101128	1.4829e-06	0.214459	5	2.5968e-13	7.1808e-11	0.46082	0.24636
chr14	65103589	65103605	0.021707	0.183554	6	1.9147e-11	1.0511e-06	0.42766	0.2441
chr14	65255846	65255880	0.0028153	-0.216019	6	3.7119e-10	1.3633e-07	0.30652	0.52254
chr14	65282488	65282663	3.9139e-09	0.200595	12	4.0967e-14	1.8952e-13	0.65651	0.45592
chr14	65958425	65958526	1	-0.120262	6	0.0013926	0.00094206	0.7082	0.82847
chr14	65993653	65993817	0.2344	0.199363	5	9.8673e-09	1.1351e-05	0.82692	0.62755
chr14	66013954	66014029	1	0.140735	5	0.0001476	0.002394	0.80973	0.669
chr14	66065519	66065562	0.026455	0.109839	6	1.8706e-09	1.2811e-06	0.85471	0.74487
chr14	66256681	66256837	0.36685	0.120005	5	1.2389e-07	1.7764e-05	0.92853	0.80853
chr14	67189257	67189525	5.6429e-17	0.232102	11	4.2744e-14	2.7325e-21	0.69038	0.45828
chr14	67198594	67198734	0.84055	0.103817	5	8.7506e-06	4.0703e-05	0.93646	0.83265
chr14	67221467	67221657	2.8202e-06	-0.230522	7	4.5075e-14	1.3657e-10	0.40457	0.63509
chr14	67411395	67411547	0.00034784	-0.188340	10	8.1413e-13	1.6844e-08	0.2996	0.48794
chr14	67427481	67427515	1	0.114171	6	0.0040298	0.048741	0.64221	0.52804
chr14	67622692	67622783	2.0183e-07	0.226376	5	5.2458e-13	9.7735e-12	0.66839	0.44201
chr14	67673725	67673854	0.024993	-0.181788	5	3.6373e-07	1.2102e-06	0.21083	0.39262
chr14	67722679	67722767	8.3888e-09	0.241251	6	4.7073e-14	4.0622e-13	0.38354	0.14228
chr14	67729518	67729777	0.297	-0.180552	11	6.155e-10	1.4382e-05	0.33679	0.51735
chr14	68313067	68313208	9.9643e-06	0.238603	6	5.4512e-14	4.8251e-10	0.80026	0.56166
chr14	68349981	68350173	1.5604e-14	-0.299880	7	4.4076e-14	7.5562e-19	0.27431	0.57419
chr14	68363903	68364032	4.2691e-10	0.203998	13	4.4187e-14	2.0673e-14	0.83309	0.62909
chr14	68563793	68563914	1.356e-11	0.212413	13	4.2522e-14	6.5663e-16	0.79284	0.58043
chr14	68624666	68624773	0.00073488	0.172744	12	4.5741e-14	3.5586e-08	0.84587	0.67313
chr14	68677645	68677866	0.00050149	0.128337	8	2.079e-12	2.4284e-08	0.93787	0.80954
chr14	68790122	68790284	2.1734e-15	-0.113141	20	4.0079e-14	1.0524e-19	0.040653	0.15379
chr14	68814557	68814681	1	0.178978	5	9.5109e-05	0.0006304	0.3718	0.19282
chr14	68816259	68816340	6.6226e-05	0.205806	8	4.4742e-14	3.2069e-09	0.3223	0.1165
chr14	68875021	68875189	0.0039805	0.120271	16	4.0412e-14	1.9275e-07	0.9265	0.80623
chr14	68900581	68900636	0.15374	0.140962	6	5.5474e-09	7.4448e-06	0.90514	0.76418
chr14	68910538	68910684	0.1144	0.150626	8	7.4886e-10	5.5395e-06	0.81749	0.66686
chr14	68936553	68936674	1	0.117001	6	6.4127e-05	0.0039775	0.77959	0.66259
chr14	68948867	68948987	1	0.135154	5	0.0012926	0.027795	0.59323	0.45807
chr14	68952317	68952356	1	-0.123623	5	0.0019341	0.019485	0.53761	0.66123
chr14	68975185	68975257	1	0.115836	5	4.5246e-05	0.0010464	0.87203	0.75619
chr14	69014759	69014859	1	0.106808	5	0.00054539	0.0044114	0.84832	0.74151
chr14	69154907	69155039	0.9787	-0.178717	8	4.7658e-09	4.7392e-05	0.36791	0.54662
chr14	69354236	69354480	0.2617	0.192225	8	3.0713e-07	1.2672e-05	0.69167	0.49945
chr14	69401029	69401131	0.026951	0.110156	5	2.8071e-07	1.3051e-06	0.89313	0.78298
chr14	69543850	69543959	0.019995	0.134671	5	1.4388e-09	9.6824e-07	0.19768	0.063007
chr14	69547786	69547949	0.031022	0.140417	19	2.9735e-09	1.5022e-06	0.50445	0.36403
chr14	69571391	69571415	1	0.130133	5	8.5936e-05	0.012354	0.66069	0.53055
chr14	69571518	69571546	1	0.178474	5	4.4303e-05	0.00068625	0.63188	0.45341
chr14	69580129	69580274	1	-0.118640	5	6.4497e-05	0.0046952	0.25086	0.3695
chr14	69615642	69615847	3.8485e-10	0.185185	10	4.4964e-14	1.8636e-14	0.2408	0.055617
chr14	69650234	69650314	0.074893	0.158383	5	4.9027e-09	3.6266e-06	0.82184	0.66346
chr14	69652451	69652538	2.7739e-06	0.224127	7	4.1744e-14	1.3432e-10	0.82795	0.60382
chr14	69657982	69658102	1.9686e-12	-0.247983	10	4.4853e-14	9.5327e-17	0.33182	0.5798
chr14	69685853	69686002	0.00022666	-0.143371	9	2.071e-12	1.0976e-08	0.12561	0.26898
chr14	69712019	69712054	1	0.152510	5	7.4572e-06	0.0015527	0.8104	0.65789
chr14	69712054	69712110	1.7956e-05	0.277151	5	1.1424e-13	8.6948e-10	0.69065	0.4135
chr14	69719572	69719636	0.22946	0.194956	5	1.3422e-07	1.1111e-05	0.743	0.54804
chr14	69850105	69850523	1.4423e-05	0.117044	43	4.4631e-14	6.9842e-10	0.76736	0.65032
chr14	69881025	69881117	1	-0.136369	5	3.0207e-05	0.004733	0.17491	0.31128
chr14	69888128	69888164	1	-0.106884	6	0.00087925	0.022126	0.64568	0.75256
chr14	69937570	69937729	0.00023727	0.153996	17	4.2633e-14	1.1489e-08	0.69999	0.54599
chr14	69972129	69972208	0.00045603	-0.268578	6	3.1792e-11	2.2083e-08	0.27059	0.53917
chr14	69979001	69979229	1	0.188111	6	1.166e-06	0.0015745	0.75363	0.56552
chr14	70045744	70046320	1.3883e-16	-0.170642	34	3.8858e-14	6.7229e-21	0.19593	0.36657
chr14	70186981	70187228	1.6648e-11	0.206679	12	4.1522e-14	8.0618e-16	0.29288	0.086205
chr14	70255825	70255994	9.4851e-05	0.130241	17	4.9516e-14	4.593e-09	0.85457	0.72433
chr14	70457486	70457619	1	0.129424	6	2.9386e-06	0.00027452	0.80224	0.67281
chr14	70555963	70555976	1	-0.114530	5	7.449e-05	0.0020583	0.35873	0.47326
chr14	70556009	70556201	1.0569e-18	-0.227251	21	3.8192e-14	5.1179e-23	0.28118	0.50843
chr14	70727455	70727576	1	0.147411	5	1.0019e-06	0.0001572	0.90468	0.75727
chr14	70810378	70810471	1	-0.141050	5	4.7021e-07	0.00033106	0.29781	0.43886
chr14	70810519	70810603	2.9303e-06	-0.196904	10	4.4853e-14	1.419e-10	0.35628	0.55319
chr14	70818170	70818209	1	-0.144642	5	0.00093095	0.0051392	0.50354	0.64818
chr14	70823126	70823428	1	-0.105305	5	0.061908	0.094132	0.60706	0.71236
chr14	70886408	70886497	4.1276e-07	0.330982	5	4.5963e-14	1.9987e-11	0.65316	0.32218
chr14	71142427	71142567	2.8852e-05	0.293116	5	1.3064e-12	1.3971e-09	0.63532	0.34221
chr14	71168281	71168641	1.2186e-68	0.354745	34	3.3751e-14	5.9009e-73	0.58748	0.23273
chr14	71245927	71245982	1	0.134592	6	4.6069e-06	0.00040684	0.8165	0.68191
chr14	71254382	71254451	0.025954	0.153926	14	6.3343e-11	1.2568e-06	0.63683	0.48291
chr14	71324837	71325053	0.00011676	0.296625	7	4.8961e-14	5.6542e-09	0.45337	0.15675
chr14	71487065	71487318	1	0.102473	5	1.4044e-05	0.0027031	0.93357	0.8311
chr14	71586323	71586461	8.1394e-05	0.161463	13	4.4853e-14	3.9414e-09	0.70761	0.54615
chr14	71752807	71752897	1	0.117874	7	4.8634e-05	0.0041259	0.84027	0.7224
chr14	71772016	71772145	7.7957e-05	0.108359	14	1.378e-08	3.775e-09	0.9015	0.79314
chr14	72476743	72476833	3.8068e-16	0.350482	8	4.3521e-14	1.8434e-20	0.53238	0.1819
chr14	72523579	72523688	1	0.124126	6	2.9386e-06	0.0015178	0.69372	0.5696
chr14	72563749	72564037	1	0.105245	10	2.0438e-07	8.179e-05	0.78245	0.67721
chr14	72670430	72670618	0.16205	0.194636	6	7.2444e-09	7.8469e-06	0.74959	0.55496
chr14	73239591	73239717	1.1252e-06	0.168944	15	4.2744e-14	5.4485e-11	0.29353	0.12458
chr14	73239731	73239840	6.1985e-26	0.361716	12	4.3188e-14	3.0015e-30	0.48548	0.12376
chr14	73270273	73270470	8.5256e-34	0.294439	30	3.0642e-14	4.1284e-38	0.47626	0.18182
chr14	73289520	73289559	0.00020305	0.203605	6	1.4832e-11	9.8322e-09	0.60494	0.40134
chr14	73573205	73573422	1	-0.153714	7	0.00038457	0.0064608	0.55608	0.70979
chr14	73589787	73589936	6.4712e-07	0.306920	7	4.1522e-14	3.1336e-11	0.80442	0.4975
chr14	73589952	73590084	0.00069812	0.111079	11	2.7232e-09	3.3806e-08	0.90236	0.79128
chr14	73712209	73712399	1.0371e-28	0.273849	18	3.5971e-14	5.0221e-33	0.61897	0.34512
chr14	73712921	73713658	1.4006e-30	0.258442	38	3.8858e-14	6.7825e-35	0.50026	0.24182
chr14	73743442	73743867	0.4435	0.156690	12	1.4451e-07	2.1476e-05	0.26324	0.10655
chr14	73745049	73745096	0.64792	-0.156162	5	1.2215e-06	3.1375e-05	0.34958	0.50574
chr14	73747425	73747480	1	0.203977	5	1.0529e-06	0.00035229	0.74582	0.54185
chr14	73760727	73760796	0.019003	0.142438	5	5.9667e-08	9.2019e-07	0.28486	0.14242
chr14	73851386	73851503	0.0019653	-0.151174	5	2.988e-08	9.5168e-08	0.21341	0.36458
chr14	73996144	73996379	0.00029915	-0.220250	6	8.743e-13	1.4486e-08	0.47	0.69025
chr14	74019931	74019962	1	-0.100032	6	0.0037092	0.12064	0.34778	0.44781
chr14	74239486	74239506	1	0.115758	5	3.4349e-05	0.00045284	0.20909	0.093335
chr14	74357154	74357263	1	0.111670	8	7.7956e-09	0.00018225	0.93364	0.82197
chr14	74406654	74406725	1	0.104822	5	0.041526	0.17374	0.82632	0.7215
chr14	74605409	74605455	1	0.142471	5	7.8362e-08	0.00015088	0.83837	0.6959
chr14	74713820	74713888	1	-0.116376	5	0.0091631	0.049233	0.41907	0.53545
chr14	74864037	74864096	0.00052333	-0.206916	8	1.6956e-12	2.5342e-08	0.33687	0.54379
chr14	74922518	74922577	1	-0.111373	5	0.00083789	0.0036687	0.62672	0.73809
chr14	74927371	74927509	0.00092467	-0.252746	5	4.7211e-11	4.4776e-08	0.33831	0.59106
chr14	74934088	74934156	1	-0.105708	5	0.0014313	0.0055855	0.16404	0.26975
chr14	74955901	74955952	1	-0.109569	5	0.00012347	0.0042554	0.14409	0.25365
chr14	74981052	74981076	1	0.146047	5	4.1736e-06	0.00017994	0.80578	0.65974
chr14	75069752	75069818	0.0005377	-0.216912	6	2.1164e-12	2.6037e-08	0.14591	0.36282
chr14	75069818	75069943	0.051205	-0.129521	17	3.745e-10	2.4795e-06	0.2318	0.36132
chr14	75124118	75124247	1	0.112609	7	4.6818e-05	7.9275e-05	0.28859	0.17598
chr14	75127913	75128073	0.068034	-0.144495	5	2.1329e-08	3.2945e-06	0.16984	0.31433
chr14	75249583	75249708	3.6839e-21	0.376968	10	4.1189e-14	1.7839e-25	0.69772	0.32075
chr14	75269386	75269531	0.49442	-0.187905	5	5.7647e-07	2.3942e-05	0.27817	0.46608
chr14	75274945	75275179	2.8319e-09	0.261998	10	4.0745e-14	1.3713e-13	0.5597	0.2977
chr14	75303513	75303533	1	-0.109934	5	0.0045695	0.025819	0.46104	0.57098
chr14	75333984	75334389	1.2765e-85	0.449464	34	5.5622e-14	6.1811e-90	0.69122	0.24176
chr14	75392886	75392994	0.00050694	-0.170395	5	3.4352e-08	2.4548e-08	0.4427	0.61309
chr14	75426915	75427028	0.0003096	0.248612	7	1.2561e-11	1.4992e-08	0.77696	0.52835
chr14	75430672	75430715	1	-0.146542	6	1.5946e-07	0.00017414	0.53494	0.68148
chr14	75469843	75470111	2.0721e-14	-0.241215	19	5.0293e-14	1.0034e-18	0.3401	0.58131
chr14	75515451	75515604	4.1413e-05	0.242971	8	5.8287e-14	2.0054e-09	0.53365	0.29068
chr14	75521338	75521429	1	-0.154188	5	4.0715e-05	0.00253	0.38301	0.5372
chr14	75522089	75522528	1.1829e-20	0.317365	16	4.9849e-14	5.7281e-25	0.60121	0.28384
chr14	75536041	75536213	0.00066142	-0.209267	5	4.3221e-10	3.2029e-08	0.28598	0.49525
chr14	75539509	75539630	7.0486e-09	0.247850	6	4.1189e-14	3.4132e-13	0.80176	0.55391
chr14	75543156	75543291	0.0056827	0.278615	7	3.2185e-13	2.7518e-07	0.44452	0.16591
chr14	75549325	75549383	0.4422	0.183158	6	2.6899e-05	2.1413e-05	0.58861	0.40545
chr14	75578927	75579030	1	-0.134788	6	0.00015854	0.017324	0.22877	0.36356
chr14	75579180	75579803	3.6538e-09	-0.220058	19	3.9191e-14	1.7693e-13	0.37487	0.59493
chr14	75811611	75811714	1.1154e-05	-0.247721	8	4.4187e-14	5.401e-10	0.40158	0.6493
chr14	75822770	75823021	0.015319	-0.196392	7	7.188e-10	7.418e-07	0.37478	0.57118
chr14	75832594	75832712	9.1705e-05	-0.252674	6	1.0369e-13	4.4407e-09	0.41582	0.66849
chr14	75842748	75842860	1	-0.172537	5	9.9949e-08	0.000146	0.26173	0.43427
chr14	75868038	75868113	0.00021465	-0.287961	5	1.219e-12	1.0394e-08	0.25448	0.54244
chr14	75905248	75905382	0.0098631	0.172570	7	4.3159e-12	4.7761e-07	0.78606	0.61349
chr14	76113958	76114038	0.74111	0.153792	10	2.6916e-09	3.5887e-05	0.69267	0.53888
chr14	76131237	76131551	1	0.112391	11	3.8012e-06	0.0016638	0.33059	0.2182
chr14	76250483	76250688	0.035667	-0.108887	15	4.0556e-09	1.7271e-06	0.15312	0.26201
chr14	76267937	76268247	0.47275	0.108817	12	8.4427e-09	2.2892e-05	0.34113	0.23231
chr14	76314640	76314737	1	0.104712	5	0.002279	0.0061578	0.74199	0.63727
chr14	76352615	76352765	0.12355	0.158530	5	3.6231e-06	5.9828e-06	0.37944	0.22091
chr14	76407334	76407437	1	0.114696	7	2.1529e-05	0.0028438	0.73739	0.6227
chr14	76501285	76501437	0.14724	0.175688	8	5.2616e-10	7.1301e-06	0.66862	0.49293
chr14	76536824	76537033	1	0.127731	5	0.00010734	0.00010063	0.89149	0.76376
chr14	76599550	76599658	1	-0.137822	5	0.00022654	0.0085175	0.25801	0.39583
chr14	76612909	76613009	1	0.125134	5	0.0056505	0.091944	0.45385	0.32871
chr14	76826003	76826391	0.80282	0.110235	9	1.3092e-09	3.8876e-05	0.88509	0.77486
chr14	76905047	76905203	3.9415e-10	0.242000	14	4.6629e-14	1.9086e-14	0.48131	0.23931
chr14	76918796	76918858	2.9355e-05	-0.176667	7	8.2234e-13	1.4215e-09	0.17962	0.35629
chr14	77000937	77001049	2.8515e-05	0.217090	10	5.1736e-14	1.3808e-09	0.70912	0.49203
chr14	77024679	77024800	0.0010368	-0.235278	5	3.916e-12	5.0208e-08	0.38847	0.62375
chr14	77026504	77026519	0.00032185	-0.229425	6	1.0353e-11	1.5585e-08	0.25346	0.48289
chr14	77032632	77032822	1.6038e-05	-0.167798	11	6.4937e-13	7.7661e-10	0.18646	0.35425
chr14	77037913	77038250	7.9392e-09	0.248455	15	4.1744e-14	3.8445e-13	0.61117	0.36271
chr14	77053238	77053289	1	0.142844	5	0.00025413	0.00052154	0.45466	0.31181
chr14	77140507	77140530	1	0.116493	5	0.0001337	6.2959e-05	0.17953	0.063039
chr14	77301301	77301343	1	-0.106469	5	0.00012347	0.013894	0.23883	0.3453
chr14	77317067	77317145	1	-0.133032	5	0.00010951	0.0062911	0.4477	0.58074
chr14	77502026	77502252	1.802e-06	-0.291288	5	4.2966e-14	8.7259e-11	0.48256	0.77385
chr14	77594791	77594892	1	0.110850	5	1.4683e-05	0.0022337	0.86545	0.7546
chr14	78013030	78013298	1	0.114111	14	1.3447e-08	9.4058e-05	0.8121	0.69799
chr14	78014207	78014286	1	0.116441	5	0.00024933	0.0046944	0.86108	0.74464
chr14	78986080	78986173	0.011005	0.151339	8	2.4176e-10	5.3291e-07	0.78529	0.63396
chr14	79281326	79281432	0.0063851	0.204658	5	9.9753e-10	3.0919e-07	0.45795	0.25329
chr14	79293703	79293773	2.7672e-11	0.289440	6	4.5186e-14	1.34e-15	0.55722	0.26778
chr14	79315908	79316089	0.030685	0.110890	12	5.6008e-10	1.4859e-06	0.89372	0.78283
chr14	79374235	79374335	0.00036471	0.133864	8	1.5068e-12	1.7661e-08	0.83431	0.70045
chr14	79544125	79544364	0.14836	0.164533	9	1.7005e-08	7.1841e-06	0.76833	0.6038
chr14	79631299	79631389	5.4632e-07	0.127497	15	4.341e-14	2.6455e-11	0.93645	0.80896
chr14	79853104	79853178	0.018599	0.224393	5	6.3412e-11	9.0064e-07	0.69605	0.47166
chr14	79862013	79862136	1	0.115798	8	8.407e-05	0.0026268	0.80435	0.68855
chr14	79974406	79974474	1	0.133639	5	3.2912e-05	0.0018843	0.78914	0.6555
chr14	80202824	80202857	1	0.117009	6	0.0053295	0.067266	0.75194	0.63493
chr14	80202896	80202999	1	0.109979	9	5.6674e-05	0.0077028	0.82815	0.71817
chr14	80955816	80955842	1	-0.130249	5	0.00015353	0.0047027	0.40901	0.53926
chr14	81246631	81246673	2.4799e-08	0.176191	10	4.1189e-14	1.2008e-12	0.8429	0.66671
chr14	81323991	81324051	1.7577e-10	-0.260942	10	4.5741e-14	8.5112e-15	0.17327	0.43421
chr14	81331082	81331224	1	-0.155183	5	1.3431e-05	0.0014293	0.48697	0.64216
chr14	81437206	81437408	0.071594	-0.111377	9	7.378e-09	3.4669e-06	0.12843	0.23981
chr14	81534465	81534543	0.021721	-0.222942	5	2.5348e-06	1.0518e-06	0.31655	0.53949
chr14	81536190	81536280	1	0.110164	5	7.1227e-06	0.0017981	0.839	0.72883
chr14	81561974	81562068	1	-0.113653	6	0.00082228	0.024106	0.60449	0.71815
chr14	81668951	81669009	1	0.105930	5	0.0001052	0.00099137	0.84077	0.73484
chr14	81678389	81678467	0.03299	0.119461	5	1.6169e-07	1.5975e-06	0.88962	0.77015
chr14	83092588	83092600	1	0.112376	5	0.00044601	0.0025639	0.69801	0.58564
chr14	83092711	83092743	1	0.136002	5	4.5246e-05	0.00053419	0.69941	0.56341
chr14	83985545	83985917	1.7965e-06	0.113883	21	2.3648e-13	8.6993e-11	0.8405	0.72661
chr14	84012885	84013096	1	0.107391	8	6.8649e-05	0.00080512	0.78853	0.68114
chr14	85471687	85471914	1	-0.116968	7	1.8121e-05	0.0054955	0.25757	0.37454
chr14	85531125	85531208	0.066849	0.195399	5	4.9235e-08	3.2371e-06	0.32637	0.13097
chr14	85532231	85532273	2.3123e-08	0.112629	18	4.0856e-14	1.1197e-12	0.21139	0.09876
chr14	85534714	85534768	0.00020701	0.137999	17	4.7407e-14	1.0024e-08	0.30331	0.16531
chr14	85584639	85584753	1	0.109218	7	3.9666e-05	0.0018586	0.563	0.45378
chr14	85619941	85620205	0.00025508	0.231997	5	1.5503e-12	1.2352e-08	0.54443	0.31244
chr14	85623941	85624094	9.2081e-05	0.284522	5	3.0298e-13	4.4589e-09	0.79947	0.51495
chr14	85934697	85934835	1.0029e-21	0.269932	15	3.6415e-14	4.8566e-26	0.39796	0.12803
chr14	86712871	86713202	1	0.139708	9	2.0422e-07	0.00010872	0.66661	0.5269
chr14	87391288	87391330	1	0.116124	5	0.00023093	0.0094642	0.85658	0.74046
chr14	87814664	87814819	3.4496e-07	-0.175605	20	4.5519e-14	1.6704e-11	0.45667	0.63227
chr14	87992552	87992628	3.6444e-12	0.319419	10	4.6851e-14	1.7648e-16	0.55175	0.23233
chr14	87994686	87994916	0.27242	0.125369	5	3.7098e-06	1.3191e-05	0.80903	0.68366
chr14	87996156	87996269	1	0.110145	7	0.00037602	0.0039623	0.66226	0.55211
chr14	88006656	88006833	9.8732e-16	0.296098	10	4.774e-14	4.781e-20	0.73105	0.43495
chr14	88154983	88155195	1	0.117902	7	7.7285e-05	0.0093851	0.78455	0.66665
chr14	88163632	88163787	0.0013878	0.123914	9	1.631e-11	6.7201e-08	0.85789	0.73397
chr14	88189641	88189785	0.003161	-0.233588	5	2.5255e-08	1.5307e-07	0.21749	0.45108
chr14	88209357	88209611	1.4945e-20	0.198165	31	4.8295e-14	7.2371e-25	0.79684	0.59867
chr14	88365144	88365298	1	0.117811	5	2.8319e-05	0.00075979	0.79562	0.67781
chr14	88386232	88386343	1	-0.106842	7	3.9046e-07	9.3381e-05	0.11139	0.21823
chr14	88551222	88551359	0.0063973	-0.180477	10	1.9407e-13	3.0978e-07	0.21406	0.39454
chr14	88562454	88562507	1	-0.150700	5	3.0863e-05	0.00088466	0.41278	0.56349
chr14	88599783	88599965	6.7866e-12	0.277278	8	4.2744e-14	3.2863e-16	0.79366	0.51639
chr14	88979121	88979214	0.006848	0.145137	11	1.2268e-09	3.3161e-07	0.48022	0.33508
chr14	89026751	89026883	1	0.117351	11	5.8737e-05	0.012439	0.5319	0.41455
chr14	89112416	89112550	1	-0.155852	5	0.00088329	0.026909	0.39062	0.54647
chr14	89137710	89137807	1	0.104072	5	0.002903	0.0107	0.43942	0.33535
chr14	89164639	89164734	6.7631e-13	0.291153	8	4.1855e-14	3.2749e-17	0.81951	0.52836
chr14	89165059	89165226	3.9447e-11	0.286060	8	4.2188e-14	1.9102e-15	0.79677	0.51071
chr14	89214681	89214771	4.5005e-07	-0.242643	6	1.9018e-13	2.1793e-11	0.28866	0.5313
chr14	89399765	89399862	3.4642e-07	-0.263571	7	4.6962e-14	1.6775e-11	0.36443	0.628
chr14	89415428	89415528	5.1638e-09	-0.294486	7	4.0523e-14	2.5005e-13	0.26284	0.55733
chr14	89467143	89467339	0.0091631	0.129552	12	2.4838e-09	4.4371e-07	0.80274	0.67319
chr14	89510242	89510304	1	0.106663	6	2.5788e-07	8.7462e-05	0.83069	0.72402
chr14	89621448	89621482	0.23819	0.148135	6	5.8339e-08	1.1534e-05	0.84918	0.70105
chr14	89625565	89625632	4.2662e-10	-0.338895	6	4.4631e-14	2.0659e-14	0.1212	0.4601
chr14	89673129	89673316	1.4225e-07	-0.231445	14	4.6962e-14	6.8884e-12	0.405	0.63645
chr14	89681139	89681255	1.3167e-20	0.376593	9	4.4298e-14	6.3759e-25	0.71842	0.34183
chr14	89721106	89721162	1.2562e-12	0.350435	6	4.2966e-14	6.0829e-17	0.56939	0.21896
chr14	89724587	89724795	2.8999e-19	0.266655	15	4.341e-14	1.4042e-23	0.44159	0.17494
chr14	89773703	89773847	1.0953e-14	0.301950	9	4.0745e-14	5.3037e-19	0.53337	0.23142
chr14	89857267	89857434	4.4463e-11	-0.278414	10	4.2522e-14	2.1531e-15	0.39247	0.67088
chr14	90253785	90253927	1	0.131491	7	1.1012e-05	0.0041219	0.73669	0.6052
chr14	90264006	90264075	0.26105	0.217951	5	2.3324e-09	1.2641e-05	0.7261	0.50814
chr14	90332381	90332465	1	-0.129621	8	9.3659e-06	0.0015712	0.26195	0.39157
chr14	90382024	90382156	2.527e-11	-0.251744	12	4.3521e-14	1.2237e-15	0.28747	0.53921
chr14	90396208	90396345	0.16236	-0.157480	7	2.6027e-09	7.8623e-06	0.36328	0.52076
chr14	90402182	90402397	2.0342e-05	0.206934	11	4.0079e-14	9.8504e-10	0.70078	0.49385
chr14	90454518	90454687	0.12366	-0.216888	8	2.017e-11	5.988e-06	0.24906	0.46595
chr14	90501034	90501256	6.124e-19	0.347914	12	3.8414e-14	2.9655e-23	0.61153	0.26361
chr14	90518152	90518224	6.3004e-09	-0.247654	9	4.3632e-14	3.0509e-13	0.23669	0.48434
chr14	90523184	90523245	1	-0.182206	5	2.1358e-05	0.0012599	0.41438	0.59659
chr14	90617065	90617193	1	-0.133782	11	2.5503e-07	0.00043079	0.50118	0.63496
chr14	90632670	90632693	0.035335	0.132028	6	2.1866e-10	1.7111e-06	0.8915	0.75947
chr14	90661074	90661223	0.00013668	-0.230330	10	4.4631e-14	6.6188e-09	0.28555	0.51588
chr14	90675414	90675490	1	0.120272	6	1.8935e-06	0.00014789	0.83838	0.71811
chr14	90759048	90759109	9.7491e-05	0.233135	5	6.1091e-12	4.7209e-09	0.48827	0.25514
chr14	90815207	90815293	1.3638e-16	-0.293177	10	4.5075e-14	6.6042e-21	0.27232	0.56549
chr14	91108145	91108249	1	0.189179	5	2.7895e-06	0.00025379	0.84744	0.65827
chr14	91113514	91113799	1	-0.102797	7	2.9473e-07	0.0001129	0.12086	0.22366
chr14	91125302	91125484	1	-0.128677	5	0.0001337	0.0040562	0.49423	0.6229
chr14	91170654	91170706	0.36419	-0.111756	7	1.3382e-06	1.7636e-05	0.68705	0.79881
chr14	91228672	91228739	0.34135	0.155945	5	1.3815e-06	1.653e-05	0.69025	0.5343
chr14	91243606	91243691	7.5406e-17	0.411732	9	4.674e-14	3.6514e-21	0.53107	0.11934
chr14	91285351	91285429	1.0211e-06	0.225829	10	4.3854e-14	4.9446e-11	0.85863	0.6328
chr14	91292557	91292653	1	0.112945	7	1.1529e-06	5.5042e-05	0.87427	0.76132
chr14	91299518	91299716	1	0.105233	5	1.2844e-05	7.9719e-05	0.93063	0.8254
chr14	91364983	91365021	0.052913	0.172779	5	4.7897e-08	2.5622e-06	0.87246	0.69968
chr14	91393391	91393577	1	0.106392	6	1.6053e-05	0.00015595	0.89803	0.79164
chr14	91396464	91396665	7.9527e-18	-0.224697	21	4.0745e-14	3.851e-22	0.32312	0.54782
chr14	91399924	91400516	3.9785e-08	0.197662	19	4.6296e-14	1.9265e-12	0.38534	0.18768
chr14	91413717	91413774	1	-0.106911	7	4.9982e-06	0.0010524	0.2492	0.35611
chr14	91415143	91415236	1	0.159543	7	3.9283e-06	0.00062756	0.73875	0.57921
chr14	91419209	91419229	1	0.134178	5	0.0010516	0.01528	0.37207	0.23789
chr14	91574769	91575153	1	0.128263	13	2.0165e-05	0.020078	0.68265	0.55439
chr14	91575602	91575697	0.00072267	-0.218055	7	7.9214e-13	3.4994e-08	0.31269	0.53074
chr14	91729840	91730061	1	0.111722	5	1.3431e-05	0.0013496	0.78702	0.6753
chr14	91732625	91732730	1	-0.100237	6	0.0041748	0.12622	0.40304	0.50327
chr14	91867420	91867899	1.6353e-08	0.265773	8	4.3521e-14	7.9186e-13	0.72589	0.46012
chr14	91867903	91867984	0.0013296	0.156798	7	1.5927e-12	6.4386e-08	0.89425	0.73745
chr14	91891487	91891610	0.039175	0.125975	6	4.9607e-09	1.897e-06	0.90218	0.7762
chr14	92108665	92108777	1	0.102251	10	8.2508e-06	0.00055671	0.24587	0.14362
chr14	92253861	92253930	1	0.158265	6	3.3351e-07	9.7368e-05	0.70705	0.54878
chr14	92255131	92255211	0.00075966	0.150132	10	6.9167e-14	3.6786e-08	0.34539	0.19526
chr14	92461379	92461532	5.7317e-10	0.278331	10	4.2855e-14	2.7755e-14	0.48614	0.20781
chr14	92514776	92514953	8.3905e-13	-0.188653	21	4.3854e-14	4.063e-17	0.22722	0.41588
chr14	92586128	92586180	1.2134e-07	0.217418	8	4.1855e-14	5.8755e-12	0.54652	0.32911
chr14	92610927	92611105	0.00033233	-0.235396	7	3.6804e-13	1.6093e-08	0.3154	0.5508
chr14	92641510	92641551	0.16912	0.113133	5	9.0683e-07	8.1892e-06	0.94628	0.83314
chr14	92650161	92650230	7.5976e-07	0.251372	8	4.2411e-14	3.679e-11	0.77655	0.52518
chr14	92670336	92670460	6.3199e-08	0.250310	6	4.3854e-14	3.0604e-12	0.53714	0.28683
chr14	92687983	92688732	0.29451	-0.132129	21	6.659e-08	1.4261e-05	0.40601	0.53814
chr14	92704156	92704284	0.00031919	0.155557	8	6.5969e-13	1.5456e-08	0.83193	0.67638
chr14	92704338	92704705	4.6039e-45	0.313618	30	4.0967e-14	2.2294e-49	0.68359	0.36997
chr14	92729726	92730200	1	0.173989	8	5.2033e-05	0.0002168	0.63632	0.46234
chr14	92748862	92749006	1	-0.105082	5	0.00019791	0.0034657	0.10029	0.20538
chr14	92749048	92749124	4.633e-08	-0.264069	8	4.0745e-14	2.2435e-12	0.25882	0.52289
chr14	92750471	92750703	4.5729e-12	0.432920	6	4.3299e-14	2.2144e-16	0.64547	0.21254
chr14	92946209	92946358	1	-0.147597	10	2.8143e-06	0.00035915	0.49557	0.64317
chr14	92946358	92946476	1.3887e-31	-0.308428	25	4.7629e-14	6.7246e-36	0.20468	0.51311
chr14	92952900	92952956	1	0.116753	5	1.5013e-05	0.0019254	0.82283	0.70607
chr14	93057045	93057098	0.0019569	-0.301747	5	1.524e-11	9.4762e-08	0.36592	0.66767
chr14	93066131	93066302	1.2144e-17	0.401666	9	4.2633e-14	5.8805e-22	0.66535	0.26368
chr14	93085746	93085850	1	0.156763	9	1.542e-06	0.00025993	0.84905	0.69229
chr14	93113620	93113777	1	-0.139924	7	1.4628e-06	0.00026714	0.2481	0.38803
chr14	93114273	93114393	1	-0.157236	5	7.6032e-05	0.014681	0.31627	0.47351
chr14	93137951	93138292	6.3321e-25	-0.192846	29	4.885e-14	3.0663e-29	0.18769	0.38053
chr14	93186608	93186831	0.00038718	0.155214	11	4.7629e-14	1.8749e-08	0.79553	0.64032
chr14	93349106	93349232	1	0.151913	5	9.7723e-07	8.7181e-05	0.84479	0.69288
chr14	93706751	93706818	1	0.103815	7	4.3934e-05	0.0007348	0.84482	0.741
chr14	93787802	93788006	1	0.131317	10	1.9507e-07	0.00042698	0.27428	0.14297
chr14	93789563	93789683	1	0.131503	8	8.4921e-05	0.0024385	0.64483	0.51333
chr14	93825060	93825220	1	0.118927	11	0.00071534	0.022188	0.55055	0.43162
chr14	93879725	93879865	1	-0.117568	7	0.0024701	0.13601	0.36462	0.48218
chr14	93893750	93893759	1	0.115467	5	0.00012347	0.003824	0.79316	0.67769
chr14	93939323	93939405	0.0021236	0.154227	9	3.9865e-07	1.0283e-07	0.47477	0.32054
chr14	93953317	93953460	1	0.100651	11	0.00085133	0.022845	0.70955	0.6089
chr14	93955609	93955668	4.0968e-05	0.156251	9	1.9564e-12	1.9838e-09	0.29589	0.13963
chr14	93956924	93957054	0.016434	0.221525	5	1.1396e-08	7.9577e-07	0.54527	0.32374
chr14	93957357	93957810	1.1419e-08	0.138356	14	4.0523e-14	5.5296e-13	0.84515	0.70679
chr14	93976516	93976893	5.869e-23	0.234191	19	4.4853e-14	2.842e-27	0.41248	0.17829
chr14	93985001	93985136	0.83608	-0.189052	5	2.0507e-07	4.0486e-05	0.22742	0.41647
chr14	93995541	93995580	1	-0.123994	5	7.6032e-05	0.00036399	0.35521	0.47921
chr14	94023469	94023545	1	0.124090	5	4.1585e-05	0.00031617	0.8146	0.69051
chr14	94110485	94111084	2.0091e-09	-0.221387	16	4.0745e-14	9.7287e-14	0.32788	0.54927
chr14	94293308	94293537	1	-0.148340	9	2.9211e-07	0.0011473	0.30536	0.4537
chr14	94323272	94323517	2.5499e-08	-0.211545	10	4.4076e-14	1.2348e-12	0.27464	0.48618
chr14	94389691	94389701	0.046834	0.127216	5	1.3422e-07	2.2679e-06	0.96177	0.83456
chr14	94390813	94390938	1	-0.143060	7	1.8331e-07	0.00012196	0.30893	0.45199
chr14	94391728	94392031	1	0.119157	7	1.4201e-06	0.0001073	0.75129	0.63214
chr14	94517802	94518044	1	0.149542	5	0.0001031	0.00012035	0.43621	0.28667
chr14	94561720	94561860	1	0.122905	5	8.6263e-07	0.00053666	0.88239	0.75949
chr14	94569330	94569437	1	0.115432	5	7.004e-05	0.0040494	0.84278	0.72735
chr14	94581253	94581356	3.3616e-07	0.143351	12	5.0293e-14	1.6278e-11	0.31768	0.17433
chr14	94581443	94581862	1	0.120219	10	8.8115e-05	0.0014297	0.71847	0.59825
chr14	94624046	94624095	0.94248	0.186897	6	4.7327e-08	4.5638e-05	0.7875	0.6006
chr14	94640681	94640779	1	0.107302	8	6.7498e-09	0.00034655	0.87047	0.76316
chr14	94690208	94690547	9.9688e-05	0.178364	12	2.2105e-13	4.8273e-09	0.75443	0.57606
chr14	94690875	94690965	0.017197	0.164052	8	2.7283e-09	8.3272e-07	0.80556	0.64151
chr14	94770992	94771024	0.00071443	0.189980	5	8.2298e-11	3.4595e-08	0.70468	0.5147
chr14	94771024	94771343	0.037897	0.112509	21	2.1693e-09	1.8351e-06	0.29491	0.1824
chr14	94771819	94771871	0.0058112	0.163541	7	4.0451e-11	2.814e-07	0.38596	0.22242
chr14	94774192	94774230	0.0041665	0.165417	6	3.621e-09	2.0176e-07	0.6142	0.44878
chr14	94865088	94865140	0.00060696	-0.221508	5	8.0439e-10	2.9391e-08	0.38207	0.60358
chr14	94891644	94891738	0.00070421	0.149757	10	5.6954e-14	3.41e-08	0.65704	0.50728
chr14	94893429	94893523	1	0.110052	5	0.0086526	0.090096	0.64713	0.53707
chr14	94907916	94908096	2.0899e-06	0.111166	21	4.4853e-14	1.012e-10	0.84531	0.73414
chr14	95185574	95185729	7.6728e-08	0.298602	10	4.2522e-14	3.7154e-12	0.5663	0.2677
chr14	95219260	95219450	1	0.109364	9	1.157e-05	0.011098	0.82525	0.71589
chr14	95255705	95255900	1	-0.110651	5	0.0031935	0.0090615	0.25837	0.36902
chr14	95318379	95318554	1	-0.157630	5	0.00068931	0.014666	0.39535	0.55298
chr14	95360367	95360699	8.622e-18	0.281209	26	4.4964e-14	4.1751e-22	0.58379	0.30258
chr14	95363792	95363910	1	0.136370	9	6.0792e-09	6.8915e-05	0.8132	0.67683
chr14	95409454	95409568	3.0311e-09	-0.248123	9	4.6407e-14	1.4678e-13	0.45063	0.69875
chr14	95457638	95457699	1	-0.156065	6	7.0381e-06	0.00040201	0.56381	0.71988
chr14	95461060	95461190	3.4128e-08	-0.246301	11	4.2299e-14	1.6526e-12	0.27659	0.52289
chr14	95507285	95507476	0.00013659	0.190658	11	6.8279e-14	6.6143e-09	0.70415	0.51349
chr14	95513383	95513595	1.6889e-06	0.230441	8	4.2744e-14	8.1785e-11	0.79778	0.56734
chr14	95514571	95514697	0.001972	0.175107	10	2.8028e-12	9.5494e-08	0.8564	0.68129
chr14	95517658	95517862	7.6832e-10	-0.226659	13	4.3854e-14	3.7205e-14	0.2176	0.44426
chr14	95525007	95525105	0.12745	0.179463	8	2.852e-09	6.1714e-06	0.83703	0.65757
chr14	95650361	95650485	1	-0.144786	8	4.2576e-08	0.00016497	0.22292	0.3677
chr14	95663218	95663293	1	-0.114132	5	0.00014188	0.0039854	0.39453	0.50866
chr14	95713920	95714544	1.4787e-15	0.217897	37	4.4298e-14	7.1603e-20	0.60695	0.38905
chr14	95818652	95818709	1	-0.102892	6	4.4503e-05	0.0061629	0.29691	0.3998
chr14	95869904	95870054	1	0.103342	5	0.00015353	0.0014402	0.80022	0.69688
chr14	96126372	96126502	6.8612e-10	0.235865	8	4.3299e-14	3.3224e-14	0.49795	0.26209
chr14	96176836	96176893	1	0.106088	5	0.0090331	0.078519	0.60306	0.49697
chr14	96189048	96189128	1	0.163480	5	3.0688e-06	0.00050198	0.73646	0.57298
chr14	96255034	96255356	1	0.100370	9	1.1463e-05	0.003387	0.81154	0.71117
chr14	96261686	96261726	1	-0.199910	5	1.5013e-05	0.0042419	0.32479	0.5247
chr14	96423801	96423905	1	0.113681	7	0.0028857	0.013236	0.67062	0.55694
chr14	96592401	96592427	1	0.106494	7	0.00013692	0.016904	0.55987	0.45337
chr14	96592427	96592459	0.7147	0.135280	7	1.1133e-07	3.4609e-05	0.3515	0.21622
chr14	96660902	96661002	0.0019004	-0.225549	5	3.189e-12	9.2026e-08	0.21756	0.44311
chr14	96698756	96699119	0.00033294	0.128338	21	1.5921e-13	1.6122e-08	0.67325	0.54491
chr14	96739653	96739739	0.0036769	-0.164695	13	1.118e-13	1.7805e-07	0.34413	0.50883
chr14	96903638	96903852	0.41078	-0.189221	7	7.7195e-09	1.9892e-05	0.4044	0.59363
chr14	96979940	96980046	0.10879	-0.158426	7	4.7896e-09	5.268e-06	0.47659	0.63502
chr14	97033706	97033771	1	0.124510	7	0.00030319	0.00059215	0.50277	0.37826
chr14	97413267	97413375	0.23252	0.113927	17	4.4629e-10	1.126e-05	0.30285	0.18892
chr14	97458552	97459036	1.6701e-60	0.307381	38	3.3307e-14	8.087e-65	0.52466	0.21728
chr14	97874584	97874670	7.6084e-06	0.146267	12	4.3965e-14	3.6843e-10	0.87593	0.72966
chr14	97977813	97978197	5.3948e-18	-0.191536	25	3.7637e-14	2.6124e-22	0.16853	0.36007
chr14	98023142	98023254	1	0.110196	5	0.000422	0.0033957	0.57968	0.46948
chr14	98138219	98138277	1	-0.111622	5	6.5842e-05	0.0021178	0.24978	0.36141
chr14	98162838	98162956	0.058334	-0.132764	6	7.2444e-09	2.8248e-06	0.21584	0.3486
chr14	98162976	98163050	5.4063e-07	-0.204594	8	4.4187e-14	2.6179e-11	0.37083	0.57543
chr14	99066484	99066699	6.5586e-11	-0.225306	19	4.2299e-14	3.1759e-15	0.32938	0.55469
chr14	99100923	99101057	1	0.115343	9	1.4862e-05	0.00082765	0.87852	0.76317
chr14	99118525	99118624	1	0.122443	10	1.8792e-07	0.00063984	0.43658	0.31414
chr14	99189222	99189484	3.4609e-19	0.150881	30	4.8184e-14	1.6759e-23	0.84942	0.69854
chr14	99192072	99192305	4.3759e-09	0.139255	19	4.5075e-14	2.119e-13	0.47842	0.33916
chr14	99197941	99197978	9.8699e-07	0.172591	8	4.4076e-14	4.7794e-11	0.76414	0.59155
chr14	99198006	99198110	2.1896e-05	0.268011	7	4.4298e-14	1.0603e-09	0.58349	0.31548
chr14	99198543	99198874	1	0.100683	11	5.5806e-07	0.00026559	0.85737	0.75669
chr14	99215885	99216011	1	0.123693	10	1.5004e-07	8.5288e-05	0.76092	0.63723
chr14	99235050	99235140	5.0627e-05	0.192189	8	5.111e-12	2.4516e-09	0.43474	0.24255
chr14	99241301	99241768	1.1997e-08	0.225786	14	4.6629e-14	5.8096e-13	0.64083	0.41505
chr14	99242369	99242430	1.4341e-11	0.321669	8	4.2966e-14	6.9446e-16	0.66162	0.33995
chr14	99245325	99245549	9.3339e-36	0.453549	16	3.7081e-14	4.5198e-40	0.75956	0.30601
chr14	99247043	99247210	6.2659e-16	0.297458	10	4.3854e-14	3.0342e-20	0.45162	0.15416
chr14	99247661	99247803	0.0014342	0.154705	10	9.7478e-14	6.9447e-08	0.83872	0.68401
chr14	99249466	99249569	0.0004282	0.181633	6	4.7528e-11	2.0735e-08	0.86203	0.6804
chr14	99259058	99259243	4.9317e-06	0.185057	15	4.3521e-14	2.3881e-10	0.69405	0.50899
chr14	99262606	99262784	1.1736e-24	0.333562	14	4.1522e-14	5.6831e-29	0.58771	0.25415
chr14	99267603	99267814	1	0.188182	6	2.1571e-08	0.00017726	0.69091	0.50273
chr14	99421658	99421777	1	-0.122666	5	1.8521e-06	0.00045844	0.73889	0.86156
chr14	99479302	99479512	5.0286e-13	-0.243052	11	4.4187e-14	2.435e-17	0.22831	0.47136
chr14	99548271	99548546	1.3713e-18	0.135158	31	4.9183e-14	6.6406e-23	0.86272	0.72756
chr14	99566347	99566441	0.10606	-0.213879	5	4.3575e-09	5.1358e-06	0.39352	0.60739
chr14	99569190	99569252	0.08014	0.249810	5	2.872e-10	3.8807e-06	0.72865	0.47884
chr14	99589272	99589391	1	0.130506	13	5.5127e-09	0.00011133	0.64594	0.51543
chr14	99589393	99589463	1.9208e-16	0.231924	16	4.5963e-14	9.3012e-21	0.55957	0.32765
chr14	99623060	99623148	1	0.106884	5	0.0016653	0.005861	0.78569	0.6788
chr14	99660340	99660515	1	0.117454	12	5.8997e-05	0.016674	0.45185	0.3344
chr14	99726545	99726629	1	0.118348	5	0.01511	0.07149	0.82727	0.70892
chr14	99746559	99746690	5.7801e-10	0.283372	7	4.0967e-14	2.7989e-14	0.4378	0.15443
chr14	99767053	99767124	1	-0.104452	7	0.011024	0.072903	0.45079	0.55524
chr14	99820263	99820323	1	0.156742	5	1.8521e-06	0.00025639	0.66895	0.51221
chr14	99822051	99822064	2.1417e-08	0.301541	5	4.4187e-14	1.0371e-12	0.54245	0.24091
chr14	99880180	99880342	0.0015508	-0.158718	6	2.7173e-10	7.5095e-08	0.32184	0.48056
chr14	99939215	99939384	1	0.103792	10	0.0002019	0.0092204	0.92349	0.8197
chr14	100065254	100065700	2.4505e-14	0.314276	10	4.1966e-14	1.1866e-18	0.70014	0.38586
chr14	100066274	100066460	9.2001e-29	0.427636	11	4.3632e-14	4.455e-33	0.66065	0.23301
chr14	100076246	100076277	1.7764e-08	0.328431	5	4.452e-14	8.6022e-13	0.66475	0.33632
chr14	100078982	100079204	4.9082e-16	0.322221	11	4.2966e-14	2.3767e-20	0.67992	0.3577
chr14	100105190	100105271	1	0.102758	5	0.000422	0.0089418	0.90705	0.80429
chr14	100130820	100130865	1	-0.110871	8	0.00024625	0.013681	0.58849	0.69936
chr14	100147305	100147437	1.5063e-10	0.313142	13	3.9968e-14	7.2939e-15	0.53471	0.22156
chr14	100155712	100155762	0.0067904	-0.205881	6	2.0833e-10	3.2882e-07	0.37284	0.57872
chr14	100165396	100165647	1.172e-08	-0.158225	26	4.1522e-14	5.6752e-13	0.25018	0.4084
chr14	100177818	100177935	1	-0.194246	5	4.0766e-06	0.00026334	0.51716	0.71141
chr14	100192565	100192664	1	-0.109110	5	0.033476	0.083179	0.35872	0.46783
chr14	100304720	100304760	1	-0.169563	5	0.00060793	0.047484	0.44995	0.61951
chr14	100328797	100328926	1	-0.162403	8	2.5703e-05	0.0016308	0.30857	0.47097
chr14	100398132	100398298	0.055831	-0.200464	7	4.7559e-10	2.7035e-06	0.42818	0.62864
chr14	100438366	100438466	4.847e-05	-0.297640	5	4.1384e-11	2.3471e-09	0.34427	0.64191
chr14	100533761	100533849	1	-0.129858	5	0.00031308	0.005877	0.25608	0.38594
chr14	100563435	100563458	0.28177	0.166918	10	3.4518e-10	1.3644e-05	0.83275	0.66584
chr14	100645010	100645097	0.00015658	0.269332	7	2.5069e-13	7.5824e-09	0.55242	0.28309
chr14	100651176	100651241	0.36714	0.135715	5	7.8038e-07	1.7779e-05	0.84945	0.71374
chr14	100656919	100657144	0.0019371	0.107874	13	1.0592e-12	9.3803e-08	0.88485	0.77698
chr14	100657477	100657530	1	0.127968	5	0.0041025	0.060132	0.67853	0.55056
chr14	100665107	100665215	1.9251e-05	-0.216214	7	5.7176e-14	9.3219e-10	0.31882	0.53504
chr14	100726533	100726577	1	0.101519	10	9.3999e-05	0.0037631	0.57948	0.47796
chr14	100726587	100726608	1	0.155744	5	3.0863e-05	0.0038773	0.3645	0.20875
chr14	100729746	100729794	1	-0.131360	5	0.0027229	0.012131	0.37375	0.50511
chr14	100747191	100747261	1	-0.105443	5	0.00083789	0.030648	0.30755	0.41299
chr14	100816274	100816381	0.010425	0.216714	7	1.9825e-09	5.0483e-07	0.74151	0.5248
chr14	100824240	100824625	2.8752e-41	0.277442	31	5.1514e-14	1.3923e-45	0.67517	0.39773
chr14	100824715	100825207	2.7206e-06	0.144591	25	4.3854e-14	1.3174e-10	0.69357	0.54898
chr14	100825207	100825766	3.6349e-41	0.228233	49	3.3529e-14	1.7602e-45	0.71219	0.48395
chr14	100826305	100827504	2.6508e-13	0.127072	52	3.8525e-14	1.2836e-17	0.5497	0.42263
chr14	100843339	100843361	1	0.158912	5	0.00019791	0.002688	0.83398	0.67507
chr14	100853045	100853190	0.090179	0.119178	9	1.2446e-09	4.3668e-06	0.84173	0.72255
chr14	100880731	100881022	5.0369e-07	-0.190367	16	3.9524e-14	2.4391e-11	0.39227	0.58264
chr14	100881057	100881074	1	-0.108525	5	6.1884e-05	0.00026174	0.67418	0.7827
chr14	100891252	100891285	2.0607e-05	0.250230	5	2.6844e-12	9.9785e-10	0.83207	0.58184
chr14	100961702	100962010	1	0.109393	5	0.00096404	0.0037274	0.70343	0.59404
chr14	100988505	100988885	0.18536	0.143937	5	2.1941e-06	8.9759e-06	0.86849	0.72455
chr14	101005009	101005130	0.1853	0.159499	5	1.5694e-05	8.9732e-06	0.36222	0.20272
chr14	101005149	101005206	0.0093808	0.235535	5	3.3378e-09	4.5425e-07	0.56124	0.32571
chr14	101022053	101022222	0.00020519	0.107492	12	2.7611e-13	9.936e-09	0.83852	0.73102
chr14	101033276	101033317	0.18327	0.123009	5	1.2421e-08	8.8746e-06	0.91914	0.79613
chr14	101040102	101040561	1	0.100742	19	4.5861e-08	0.00017619	0.81438	0.71364
chr14	101046254	101046321	2.7327e-06	0.165843	11	4.6962e-14	1.3233e-10	0.88099	0.71515
chr14	101049517	101049582	1	0.102407	5	0.00076701	0.00060494	0.79038	0.68797
chr14	101059842	101059929	1	0.108789	5	0.0036793	0.066862	0.78207	0.67328
chr14	101060147	101060307	1.564e-11	0.131011	20	4.6407e-14	7.5734e-16	0.86493	0.73392
chr14	101068814	101068970	8.5521e-12	0.222513	17	4.0967e-14	4.1413e-16	0.75457	0.53206
chr14	101072793	101072877	4.2388e-05	-0.289260	6	3.0631e-13	2.0526e-09	0.25225	0.54151
chr14	101073151	101073314	0.27655	-0.110937	11	1.8658e-09	1.3391e-05	0.11822	0.22915
chr14	101129057	101129131	1	0.136291	5	5.3975e-06	0.00046687	0.63697	0.50068
chr14	101129160	101129341	0.50136	0.220609	5	2.1939e-08	2.4278e-05	0.42008	0.19947
chr14	101129341	101129377	0.69105	0.138502	9	7.4274e-07	3.3463e-05	0.85956	0.72106
chr14	101151856	101151957	3.0363e-06	0.153854	14	4.5186e-14	1.4703e-10	0.76391	0.61005
chr14	101232668	101232884	0.048382	0.119409	21	8.7636e-11	2.3428e-06	0.75756	0.63815
chr14	101233690	101233755	1	0.114663	5	0.0061807	0.077934	0.64928	0.53462
chr14	101289250	101289419	2.3453e-05	-0.185940	16	4.4298e-14	1.1357e-09	0.40585	0.59179
chr14	101361065	101361261	2.1918e-06	0.207072	12	4.4298e-14	1.0614e-10	0.68543	0.47836
chr14	101364823	101365385	0.14724	0.175766	13	5.6657e-10	7.1297e-06	0.68582	0.51006
chr14	101439937	101440076	1	0.109492	6	6.3412e-07	0.00028805	0.87919	0.7697
chr14	101442330	101442555	1.218e-17	0.239028	22	3.6526e-14	5.8982e-22	0.77633	0.53731
chr14	101442555	101442745	9.7726e-37	0.348206	21	4.3077e-14	4.7323e-41	0.72226	0.37405
chr14	101453383	101453481	6.5853e-10	-0.230737	12	4.6296e-14	3.1889e-14	0.34845	0.57919
chr14	101456430	101457050	9.7618e-52	0.244948	45	4.8628e-14	4.727e-56	0.47303	0.22809
chr14	101458111	101458229	0.00012368	0.228481	12	4.5105e-12	5.9891e-09	0.3806	0.15212
chr14	101460587	101460884	0.017392	-0.179469	5	9.3134e-09	8.4221e-07	0.36026	0.53973
chr14	101475773	101475958	1	-0.128800	8	2.4623e-05	0.00048727	0.15214	0.28094
chr14	101480893	101480985	0.0044492	-0.198321	7	7.3294e-11	2.1544e-07	0.2697	0.46802
chr14	101501420	101501469	1	0.115895	5	0.0013836	0.0030115	0.84755	0.73166
chr14	101504271	101504336	0.035461	0.108764	5	3.9295e-07	1.7172e-06	0.96196	0.8532
chr14	101552906	101552989	1	-0.141659	5	0.00012596	0.0029761	0.35074	0.4924
chr14	101552997	101553072	1.9544e-05	-0.230164	5	1.8929e-13	9.4641e-10	0.26249	0.49265
chr14	101556462	101556698	0.24843	0.126243	11	1.931e-10	1.203e-05	0.85077	0.72453
chr14	101584344	101584429	0.17164	0.142275	10	7.0428e-09	8.3116e-06	0.73649	0.59421
chr14	101628193	101628217	6.7662e-09	0.359982	5	4.3077e-14	3.2764e-13	0.75154	0.39155
chr14	101628812	101628840	1	-0.118329	5	4.5246e-05	0.0010826	0.20107	0.3194
chr14	101636069	101636485	2.5162e-15	0.283944	11	4.4298e-14	1.2185e-19	0.74916	0.46521
chr14	101689094	101689114	1	0.104333	5	0.0001761	0.001371	0.97131	0.86698
chr14	101705605	101705709	0.25431	0.251610	6	2.9917e-10	1.2315e-05	0.70527	0.45367
chr14	101732230	101732320	0.021544	-0.171654	7	7.2814e-08	1.0432e-06	0.453	0.62465
chr14	101823936	101824176	1.4628e-08	0.191554	14	4.6296e-14	7.0833e-13	0.65084	0.45928
chr14	101844353	101844428	8.8507e-05	0.179889	9	5.8842e-14	4.2858e-09	0.82173	0.64184
chr14	101894268	101894580	1.4722e-13	-0.308392	10	4.4298e-14	7.1289e-18	0.36832	0.67672
chr14	101928044	101928075	1	0.130653	5	4.819e-05	0.0022199	0.61277	0.48212
chr14	101928484	101928495	1	0.105366	5	8.4132e-07	8.3542e-05	0.90659	0.80123
chr14	101980528	101980657	1	0.111925	5	0.0080504	0.057754	0.80062	0.6887
chr14	102016576	102016738	1	-0.121470	5	0.0045695	0.077571	0.66856	0.79003
chr14	102034378	102034463	1	-0.114137	6	0.0037983	0.050673	0.6882	0.80234
chr14	102050327	102050466	1	-0.117350	5	0.00217	0.032491	0.70179	0.81914
chr14	102050699	102050802	1	-0.127536	7	0.0001089	0.018721	0.60841	0.73595
chr14	102063674	102063884	0.0020004	-0.217413	13	1.3822e-13	9.6865e-08	0.31206	0.52947
chr14	102088466	102088577	2.1353e-14	0.347221	8	4.3743e-14	1.034e-18	0.53489	0.18767
chr14	102210571	102210934	2.1715e-10	0.146751	17	4.4409e-14	1.0515e-14	0.94052	0.79377
chr14	102298866	102299061	0.00014746	0.247318	8	5.7176e-14	7.1408e-09	0.73935	0.49203
chr14	102498501	102498536	1	-0.141367	7	7.6335e-05	0.018895	0.55349	0.69486
chr14	102500503	102500620	1	0.126621	5	0.0047115	0.074982	0.51942	0.3928
chr14	102503887	102503999	1	0.124538	8	0.00015995	0.00099329	0.71325	0.58871
chr14	102508378	102509127	4.2338e-12	-0.253057	18	4.3521e-14	2.0502e-16	0.31868	0.57174
chr14	102554994	102555024	1	-0.105223	7	8.6352e-05	0.003469	0.41146	0.51668
chr14	102683715	102683853	5.0374e-08	-0.231767	12	4.6407e-14	2.4393e-12	0.37918	0.61095
chr14	102785251	102785346	0.69689	0.149830	10	1.6663e-09	3.3746e-05	0.70767	0.55784
chr14	102819328	102819486	1	-0.116445	7	1.8925e-07	0.00019871	0.1525	0.26895
chr14	102827993	102828068	1.2118e-12	-0.185786	20	4.5186e-14	5.8682e-17	0.59076	0.77655
chr14	102828191	102828550	0.0097544	-0.114182	22	9.1038e-14	4.7234e-07	0.48003	0.59421
chr14	102900947	102901522	1.3326e-64	0.281639	52	3.4195e-14	6.4529e-69	0.76305	0.48141
chr14	102907617	102907708	0.00017103	0.145485	7	7.6873e-12	8.2819e-09	0.95993	0.81445
chr14	102922409	102922569	1	-0.153764	5	1.8726e-05	0.00038468	0.25767	0.41143
chr14	102946556	102946680	4.5604e-11	0.281690	6	4.674e-14	2.2083e-15	0.73866	0.45697
chr14	102949052	102949162	2.2956e-09	0.256458	11	4.6185e-14	1.1116e-13	0.74276	0.4863
chr14	102949511	102949699	3.0933e-13	0.238390	22	4.2522e-14	1.4979e-17	0.70227	0.46388
chr14	102949971	102950075	0.075325	-0.176342	8	2.856e-08	3.6475e-06	0.45101	0.62736
chr14	102963901	102963960	1	-0.103563	5	0.0041025	0.10116	0.77509	0.87865
chr14	102974047	102974135	0.17839	0.208705	9	1.6219e-09	8.6383e-06	0.69784	0.48913
chr14	103002097	103002298	5.7607e-05	0.168198	21	4.2299e-14	2.7895e-09	0.76817	0.59997
chr14	103003039	103003071	0.073644	0.208545	5	6.1992e-09	3.5661e-06	0.80267	0.59412
chr14	103003116	103003193	1	0.103402	8	1.9026e-07	5.1193e-05	0.93187	0.82847
chr14	103014835	103015039	8.836e-05	0.219419	8	6.0522e-12	4.2788e-09	0.6212	0.40178
chr14	103031529	103031783	8.9382e-23	-0.313914	11	4.4631e-14	4.3282e-27	0.23135	0.54526
chr14	103052680	103052770	1.0647e-14	0.345502	9	4.452e-14	5.1559e-19	0.71225	0.36674
chr14	103071674	103071830	1.6263e-11	-0.253279	16	4.1078e-14	7.8751e-16	0.31632	0.5696
chr14	103102813	103103103	0.68831	0.152922	12	1.3601e-09	3.3331e-05	0.75376	0.60084
chr14	103207906	103207962	0.0018102	0.202989	9	1.8476e-12	8.7658e-08	0.50987	0.30688
chr14	103221008	103221072	1	0.109847	14	2.1626e-10	5.4384e-05	0.28614	0.17629
chr14	103225225	103225361	1	-0.133113	11	2.007e-06	0.003253	0.40769	0.54081
chr14	103225560	103225761	1	-0.107795	10	1.5127e-05	0.0054095	0.42096	0.52876
chr14	103225761	103225779	6.1829e-05	-0.139333	7	2.7331e-12	2.994e-09	0.54368	0.68302
chr14	103274119	103274314	0.0028911	0.162931	14	1.2726e-12	1.4e-07	0.34836	0.18543
chr14	103279785	103279960	5.3701e-06	0.259275	8	6.0618e-13	2.6004e-10	0.58642	0.32715
chr14	103284168	103284305	1	0.136595	11	1.191e-08	0.00014446	0.80864	0.67204
chr14	103402013	103402052	3.9699e-05	0.246605	5	7.8337e-13	1.9224e-09	0.75834	0.51173
chr14	103513084	103513200	6.9854e-09	-0.231475	10	4.6629e-14	3.3826e-13	0.28236	0.51383
chr14	103519925	103520101	1	-0.137686	13	6.1599e-07	6.3561e-05	0.49777	0.63546
chr14	103595413	103595657	0.0011263	-0.242138	7	8.4266e-13	5.4539e-08	0.25937	0.50151
chr14	103607703	103607760	0.12063	0.190688	5	2.7349e-07	5.8416e-06	0.2929	0.10221
chr14	103692312	103692442	0.0046768	0.131384	14	1.3589e-12	2.2647e-07	0.85411	0.72272
chr14	103693555	103693783	2.0837e-06	-0.219878	12	4.2188e-14	1.009e-10	0.47403	0.6939
chr14	103698714	103698941	0.002268	-0.246196	5	6.5519e-11	1.0982e-07	0.45043	0.69662
chr14	103704851	103704922	0.00028024	0.278733	6	7.9492e-14	1.357e-08	0.75633	0.4776
chr14	103705467	103705511	1	0.118406	5	3.1532e-05	0.00014302	0.92148	0.80307
chr14	103711163	103711234	1.9673e-08	-0.257474	10	4.6074e-14	9.5262e-13	0.28795	0.54542
chr14	103712773	103712860	1	-0.139148	5	0.0018711	0.022279	0.69849	0.83764
chr14	103724285	103724435	3.4091e-24	-0.263629	19	4.6407e-14	1.6508e-28	0.26366	0.52729
chr14	103727777	103727957	0.001744	-0.188740	18	9.0106e-13	8.4453e-08	0.49491	0.68365
chr14	103729038	103729328	1	-0.112198	13	5.0852e-08	0.00042645	0.60373	0.71593
chr14	103729328	103729362	0.00028124	-0.240427	5	3.0733e-11	1.3618e-08	0.42392	0.66434
chr14	103729362	103729674	1	-0.115079	7	0.00017368	0.024303	0.63072	0.7458
chr14	103848791	103848903	1.0426e-18	-0.244392	16	4.5852e-14	5.0485e-23	0.23124	0.47563
chr14	103879499	103879609	1	-0.135860	14	1.6473e-07	0.00012279	0.51012	0.64598
chr14	103889695	103889917	1.6288e-17	-0.225851	24	4.9183e-14	7.8874e-22	0.20541	0.43126
chr14	103905885	103905986	2.8752e-13	0.283366	16	3.8525e-14	1.3923e-17	0.61813	0.33477
chr14	103969687	103969825	1	0.130250	5	3.5089e-05	0.0014729	0.79116	0.66091
chr14	104084488	104084711	1	-0.106445	5	0.027826	0.04577	0.44013	0.54658
chr14	104088407	104088522	0.0011723	-0.234009	8	8.1157e-14	5.6767e-08	0.35134	0.58535
chr14	104119569	104119729	0.017431	0.250837	7	2.639e-10	8.4409e-07	0.60787	0.35704
chr14	104134192	104134348	1.0586e-07	-0.209363	18	4.5519e-14	5.126e-12	0.39438	0.60374
chr14	104158913	104158944	1	-0.160964	5	0.00015053	0.0001501	0.57905	0.74001
chr14	104196025	104196132	6.0527e-14	-0.253154	16	4.8628e-14	2.9309e-18	0.27302	0.52618
chr14	104196134	104196431	0.30995	-0.176574	10	5.1607e-09	1.5009e-05	0.24521	0.42178
chr14	104199466	104199742	1	0.144732	5	3.3623e-05	0.001362	0.6945	0.54977
chr14	104202388	104202585	3.4062e-15	-0.203821	21	4.2411e-14	1.6494e-19	0.21937	0.42319
chr14	104220284	104220474	1	0.157402	15	1.5907e-07	0.00017361	0.5964	0.439
chr14	104222228	104222395	1	-0.145002	5	2.8936e-05	0.0005465	0.41562	0.56062
chr14	104223771	104223803	1	0.105130	5	0.027139	0.0089232	0.27851	0.17338
chr14	104229753	104229823	4.932e-12	-0.279776	11	4.452e-14	2.3883e-16	0.35991	0.63969
chr14	104229860	104230116	1.966e-11	-0.164817	24	4.2744e-14	9.5201e-16	0.42491	0.58973
chr14	104238882	104239141	2.8526e-05	0.104482	20	2.2393e-13	1.3814e-09	0.88052	0.77604
chr14	104268030	104268134	1	0.125522	5	0.0045695	0.0071642	0.58105	0.45553
chr14	104268134	104268210	0.0096321	0.237694	7	3.6232e-08	4.6642e-07	0.57643	0.33874
chr14	104275362	104275881	2.5613e-30	-0.176613	56	4.4964e-14	1.2403e-34	0.1991	0.37571
chr14	104277471	104277732	5.6593e-09	0.158070	19	4.0967e-14	2.7404e-13	0.86647	0.7084
chr14	104322880	104322984	7.5188e-05	-0.196059	11	2.3037e-13	3.6409e-09	0.37341	0.56947
chr14	104323103	104323274	1.5854e-15	-0.219912	16	4.6851e-14	7.6773e-20	0.17592	0.39584
chr14	104337445	104337692	1	-0.122721	5	0.00012347	0.0074143	0.35257	0.47529
chr14	104342061	104342114	0.46539	-0.181371	9	2.9055e-10	2.2536e-05	0.29726	0.47864
chr14	104342372	104342401	3.1569e-06	-0.239489	7	5.218e-14	1.5287e-10	0.30673	0.54622
chr14	104367885	104367908	1	0.106190	5	0.0003706	0.012319	0.79058	0.68439
chr14	104370699	104370788	0.31109	-0.153946	11	1.1927e-09	1.5064e-05	0.59762	0.75156
chr14	104386304	104386352	1	0.100233	5	0.01374	0.14748	0.6005	0.50027
chr14	104386364	104386494	3.3621e-12	0.190310	18	4.2966e-14	1.628e-16	0.82605	0.63574
chr14	104422518	104422725	4.0901e-10	-0.221117	20	4.0856e-14	1.9806e-14	0.32158	0.5427
chr14	104422730	104422882	1	-0.102489	14	5.0985e-05	0.0010426	0.57683	0.67932
chr14	104436337	104436406	1	0.106824	5	0.0041025	0.089449	0.37809	0.27126
chr14	104450917	104451086	0.012944	0.117986	8	3.2543e-10	6.2678e-07	0.916	0.79802
chr14	104460672	104460752	1	0.101260	7	0.0002327	0.029049	0.47926	0.378
chr14	104460889	104461013	1	-0.118280	5	0.0092949	0.058742	0.2989	0.41718
chr14	104474373	104474417	1	0.112371	5	0.0074859	0.058771	0.63868	0.5263
chr14	104478093	104478123	0.23934	-0.164648	5	2.5291e-07	1.159e-05	0.20256	0.36721
chr14	104545984	104546275	1	-0.107471	9	6.6722e-05	0.0088986	0.2124	0.31988
chr14	104564652	104564830	1	-0.131123	14	2.6274e-07	5.7642e-05	0.33574	0.46686
chr14	104567533	104567756	1.4878e-05	-0.215889	10	4.674e-14	7.2043e-10	0.32721	0.5431
chr14	104578728	104579017	1	0.103686	5	7.6032e-05	0.0043082	0.84893	0.74525
chr14	104637356	104637475	1	-0.118817	9	0.00015265	0.011087	0.52391	0.64272
chr14	104638389	104638612	0.10035	-0.113287	21	1.2486e-10	4.8595e-06	0.28167	0.39496
chr14	104650000	104650031	1	0.171572	5	4.5246e-05	0.0057898	0.37978	0.20821
chr14	104657274	104657312	5.8904e-06	0.259656	5	6.5947e-14	2.8524e-10	0.53458	0.27493
chr14	104660005	104660068	1	0.147025	6	5.6997e-06	0.00080893	0.2856	0.13857
chr14	104678366	104678467	1	0.186711	8	4.0306e-08	5.2241e-05	0.45379	0.26708
chr14	104688220	104688870	7.3227e-19	-0.204771	30	4.2633e-14	3.5459e-23	0.2038	0.40857
chr14	104707412	104707493	1	-0.136229	5	0.001999	0.04139	0.35785	0.49408
chr14	104746877	104747039	1	-0.158905	5	2.4874e-05	0.00090059	0.25633	0.41524
chr14	104747039	104747275	7.2701e-18	-0.287081	11	4.6962e-14	3.5205e-22	0.26209	0.54917
chr14	104820920	104821091	1.7085e-05	-0.184633	15	4.6185e-14	8.2732e-10	0.27937	0.46401
chr14	104881465	104881517	1	-0.130820	8	1.9628e-05	0.00090896	0.66074	0.79156
chr14	104897478	104897499	1	-0.215307	5	4.4675e-07	0.00044176	0.32853	0.54384
chr14	104924596	104924950	0.0086678	0.253355	8	9.9491e-11	4.1973e-07	0.70012	0.44676
chr14	104932847	104932917	0.25497	-0.132675	6	4.3032e-07	1.2347e-05	0.12101	0.25368
chr14	104936850	104936894	0.3747	0.200351	8	6.6674e-08	1.8144e-05	0.68151	0.48116
chr14	104980331	104980414	0.0038528	-0.146760	12	3.9107e-11	1.8657e-07	0.28234	0.42911
chr14	105024959	105025078	4.5646e-08	0.270510	6	4.2633e-14	2.2104e-12	0.67749	0.40698
chr14	105045644	105045658	1	-0.108669	5	0.011325	0.074825	0.43669	0.54535
chr14	105060872	105061006	4.8103e-07	0.330755	7	4.3299e-14	2.3293e-11	0.5743	0.24354
chr14	105065806	105065901	1.295e-06	0.330482	7	4.7518e-14	6.2707e-11	0.63991	0.30943
chr14	105153207	105153307	1	0.241358	5	4.7021e-07	0.00015293	0.68748	0.44612
chr14	105185408	105185513	1	-0.128361	5	0.0054012	0.036092	0.56037	0.68873
chr14	105204357	105204489	0.013012	-0.272662	6	2.3512e-10	6.3009e-07	0.35266	0.62532
chr14	105247980	105248067	1	-0.105918	8	0.00035798	0.0059071	0.53731	0.64323
chr14	105248093	105248120	1	-0.170859	5	1.436e-05	0.0013582	0.19897	0.36982
chr14	105249404	105249679	6.0804e-09	-0.260042	15	4.2522e-14	2.9444e-13	0.4034	0.66344
chr14	105284145	105284259	2.6275e-10	0.292943	10	4.5852e-14	1.2724e-14	0.68992	0.39697
chr14	105305525	105305629	6.1171e-05	0.349953	5	1.7432e-11	2.9621e-09	0.7057	0.35575
chr14	105313488	105313586	9.873e-07	0.219609	8	4.3299e-14	4.7809e-11	0.67602	0.45641
chr14	105313615	105313678	1	0.119550	5	0.0010886	0.0019685	0.395	0.27545
chr14	105317306	105317384	0.00060982	-0.240642	5	1.9711e-12	2.953e-08	0.28131	0.52195
chr14	105385613	105385645	0.15015	0.125683	5	4.7897e-08	7.2711e-06	0.92526	0.79957
chr14	105507498	105507528	0.50342	0.152252	6	6.2101e-08	2.4377e-05	0.83698	0.68473
chr14	105507559	105507684	1.3198e-10	0.323364	9	4.4187e-14	6.3909e-15	0.64177	0.3184
chr14	105528911	105528979	2.9617e-12	0.266634	14	4.6185e-14	1.4341e-16	0.43984	0.1732
chr14	105536929	105537287	5.4742e-17	-0.243590	23	3.8081e-14	2.6508e-21	0.32424	0.56783
chr14	105538221	105538311	1	-0.163278	8	1.0012e-06	0.000703	0.28072	0.444
chr14	105558626	105558713	0.001622	0.156252	17	1.8718e-13	7.8545e-08	0.76497	0.60872
chr14	105630978	105631043	3.2796e-09	0.267371	12	4.2299e-14	1.5881e-13	0.71613	0.44876
chr14	105668182	105668256	8.5904e-08	0.153541	11	4.1411e-14	4.1598e-12	0.92666	0.77312
chr14	105678094	105678229	1	-0.101922	11	8.543e-07	0.00037079	0.73091	0.83283
chr14	105708392	105708419	0.91556	-0.177909	5	1.1064e-06	4.4335e-05	0.35924	0.53715
chr14	105712318	105712494	1	0.116217	6	1.8935e-06	0.00056501	0.87785	0.76163
chr14	105895721	105895841	1	0.151945	7	5.3199e-07	0.00021278	0.80856	0.65661
chr14	105896832	105897096	0.016071	0.221912	5	5.202e-08	7.7823e-07	0.63344	0.41152
chr14	105928893	105928986	0.1064	0.229165	5	1.3928e-08	5.1524e-06	0.68789	0.45872
chr14	105944726	105944877	1.9369e-05	-0.159576	25	4.4409e-14	9.3791e-10	0.43315	0.59272
chr14	105972489	105972558	0.033289	0.134410	7	4.0118e-10	1.612e-06	0.83811	0.7037
chr14	106005162	106005278	0.00019535	0.356278	5	1.4433e-13	9.4596e-09	0.64485	0.28857
chr14	106200743	106201012	9.3317e-14	0.194763	16	4.5075e-14	4.5188e-18	0.83696	0.6422
chr14	106201012	106201164	6.0763e-07	0.121720	13	4.2522e-14	2.9424e-11	0.90935	0.78763
chr14	106205185	106205260	1	0.123836	5	2.7715e-05	0.00067071	0.91208	0.78824
chr14	106209960	106210007	0.00093709	0.185637	8	9.0635e-12	4.5377e-08	0.82938	0.64374
chr14	106214053	106214079	0.94721	0.130431	6	9.2961e-06	4.5868e-05	0.87595	0.74552
chr14	106373689	106373757	1	0.100533	5	0.00015353	0.0081495	0.22795	0.12741
chr14	106397204	106397563	1	-0.120598	5	1.0491e-05	0.0038551	0.30419	0.42479
chr14	106399091	106399218	0.0023733	0.182639	12	8.4289e-11	1.1493e-07	0.64951	0.46687
chr14	106436347	106436418	1	0.110480	5	0.010265	0.057815	0.72454	0.61406
chr14	106491964	106492019	0.51806	0.136261	9	4.4284e-09	2.5086e-05	0.80932	0.67306
chr14	106591793	106592230	0.045854	0.161881	11	1.6537e-09	2.2204e-06	0.81225	0.65037
chr14	106593054	106593173	1	0.103819	5	0.011013	0.031577	0.68407	0.58025
chr14	106606120	106606226	0.0017874	0.140142	18	1.2541e-12	8.6552e-08	0.70187	0.56173
chr14	106830686	106830783	1	0.114048	5	0.00030149	0.012889	0.50247	0.38842
chr14	106844370	106844594	0.018055	0.112361	9	7.2019e-09	8.7428e-07	0.19859	0.08623
chr14	106845057	106845107	1	0.189960	5	6.5722e-09	4.9366e-05	0.25574	0.065781
chr14	106851664	106851899	0.11534	0.151473	9	1.8082e-10	5.5854e-06	0.71891	0.56744
chr14	106873198	106873357	0.70289	0.120318	11	1.9709e-07	3.4036e-05	0.23486	0.11455
chr14	106875307	106875501	1	0.146819	5	0.00027425	0.00042181	0.5405	0.39368
