chr15	19899250	19899362	1	0.137115	5	0.00053556	0.010909	0.6593	0.52219
chr15	19944773	19944861	1	0.157868	9	7.2019e-09	7.8075e-05	0.7368	0.57893
chr15	19991096	19991324	0.043244	0.134659	8	3.5178e-10	2.0989e-06	0.77113	0.63647
chr15	20352461	20352488	1	0.102975	5	1.5013e-05	0.00025716	0.8911	0.78812
chr15	20354041	20354077	0.29281	0.152062	5	8.5001e-08	1.4212e-05	0.83559	0.68353
chr15	20356595	20356695	9.7593e-11	0.255318	9	4.3965e-14	4.7368e-15	0.45206	0.19675
chr15	20581536	20581551	0.057231	0.148072	5	2.4034e-09	2.7778e-06	0.89144	0.74337
chr15	20582875	20582935	1	0.100982	5	0.0012926	0.01303	0.77201	0.67102
chr15	21263238	21263303	2.0316e-06	0.122154	8	4.8295e-14	9.8605e-11	0.86256	0.7404
chr15	22262605	22262830	1.4094e-08	0.175329	13	4.019e-14	6.8409e-13	0.68989	0.51456
chr15	22272762	22272890	1	0.100360	5	0.00032509	0.029958	0.86767	0.76731
chr15	22417882	22417924	1	-0.128432	5	0.011645	0.079687	0.45342	0.58186
chr15	22715271	22715397	0.49758	0.195942	6	2.9046e-07	2.4151e-05	0.53483	0.33889
chr15	22718458	22718559	1	0.142608	5	1.487e-06	0.00037963	0.87181	0.7292
chr15	22758134	22758170	0.091907	0.207761	5	1.8455e-07	4.4608e-06	0.49115	0.28339
chr15	22880128	22880479	8.0848e-10	0.117456	22	4.4631e-14	3.9241e-14	0.89863	0.78118
chr15	22903718	22903785	1	0.111810	5	2.7715e-05	0.0039294	0.85259	0.74078
chr15	22904270	22904456	3.4387e-17	-0.269978	15	4.452e-14	1.669e-21	0.33592	0.6059
chr15	22943014	22943074	1	0.120843	5	2.4874e-05	0.0067827	0.87304	0.7522
chr15	22949181	22949567	7.1106e-26	0.293545	27	3.9413e-14	3.4513e-30	0.61464	0.3211
chr15	22957064	22957121	0.00027993	0.187109	8	5.053e-11	1.3587e-08	0.84657	0.65946
chr15	22959523	22959651	0.055453	0.131427	7	4.963e-09	2.6915e-06	0.90444	0.77301
chr15	23073901	23074266	2.7282e-27	-0.216866	37	3.8525e-14	1.3242e-31	0.36549	0.58236
chr15	23180289	23180302	1	0.171963	5	6.2201e-07	8.5256e-05	0.43862	0.26666
chr15	23180302	23180461	0.93315	0.104767	14	1.4012e-06	4.5292e-05	0.63237	0.5276
chr15	23386249	23386344	0.19193	0.184941	8	4.5588e-08	9.3155e-06	0.66155	0.47661
chr15	23386926	23387086	1	0.109299	9	0.00015017	0.0063579	0.85832	0.74902
chr15	23562033	23562148	1.1518e-23	0.203977	26	4.5741e-14	5.5905e-28	0.73145	0.52748
chr15	23565352	23565451	1	0.102350	5	0.0027229	0.011413	0.84852	0.74617
chr15	23643114	23643215	1	0.128258	5	0.013187	0.11085	0.66679	0.53853
chr15	23645402	23645518	0.00012788	-0.176746	9	5.8509e-14	6.2068e-09	0.53999	0.71674
chr15	23647574	23647690	1	0.137726	10	1.4449e-07	0.00039896	0.58709	0.44936
chr15	23687226	23687473	1.6538e-05	0.232169	5	3.9091e-13	8.0268e-10	0.43222	0.20006
chr15	23869572	23869763	6.6053e-10	0.130457	28	4.13e-14	3.206e-14	0.38594	0.25548
chr15	23878030	23878304	6.777e-17	0.111297	45	4.2966e-14	3.2893e-21	0.31179	0.2005
chr15	23897747	23897960	7.6659e-06	0.151305	19	4.6629e-14	3.7208e-10	0.60135	0.45005
chr15	23955286	23955339	1	0.107890	6	0.0012392	0.0050976	0.8275	0.71961
chr15	24078529	24078959	1.0886e-05	0.124428	23	4.5408e-14	5.2839e-10	0.90117	0.77675
chr15	24101821	24102059	6.1513e-08	0.115764	24	4.4964e-14	2.9856e-12	0.43327	0.3175
chr15	24261139	24261473	9.2042e-16	0.188725	28	3.8747e-14	4.4674e-20	0.64949	0.46076
chr15	24423438	24423484	0.0362	0.134295	6	4.2833e-10	1.757e-06	0.7367	0.60241
chr15	24477716	24478060	2.0179e-16	0.126184	40	4.5963e-14	9.794e-21	0.4154	0.28922
chr15	24773176	24773298	3.6192e-10	0.125796	28	4.5963e-14	1.7566e-14	0.40153	0.27573
chr15	24773301	24773377	1	0.100225	14	2.0689e-09	4.8545e-05	0.38995	0.28972
chr15	24823584	24823801	2.1255e-07	0.136934	21	4.5519e-14	1.0316e-11	0.55629	0.41936
chr15	24848010	24848459	3.6675e-13	0.151659	46	4.1633e-14	1.7801e-17	0.54949	0.39783
chr15	24878139	24878757	3.3144e-17	0.113150	65	4.7518e-14	1.6087e-21	0.49125	0.3781
chr15	24900091	24900199	1	0.105939	5	0.0018711	0.023059	0.39581	0.28987
chr15	24955017	24955286	1.4875e-05	0.104371	26	4.4742e-14	7.2199e-10	0.41499	0.31062
chr15	25051235	25051318	1	0.133460	5	3.3747e-06	0.0016817	0.86677	0.73331
chr15	25074988	25075048	1	0.102533	5	1.8319e-05	0.0042221	0.92427	0.82174
chr15	25077732	25077869	1	0.115073	5	0.0045	0.092712	0.80961	0.69453
chr15	25078976	25079153	1	0.108472	5	0.0025122	0.0065255	0.76887	0.6604
chr15	25084206	25084300	1	0.106180	5	0.00023541	0.0067161	0.79041	0.68423
chr15	25105680	25105866	1	0.101300	8	9.9698e-05	0.019583	0.74937	0.64807
chr15	25116994	25117042	1	0.113591	5	5.2734e-06	0.0044481	0.82812	0.71453
chr15	25169568	25169577	0.52793	0.113268	5	1.3785e-07	2.5624e-05	0.95614	0.84288
chr15	25178175	25178258	0.50049	0.137345	7	9.6174e-08	2.4292e-05	0.88817	0.75082
chr15	25187202	25187540	1	0.125138	5	5.7868e-06	0.00014606	0.81262	0.68749
chr15	25192922	25193059	1	0.129249	7	1.5232e-05	0.00039914	0.8353	0.70605
chr15	25197238	25197580	0.38385	0.133311	7	3.5628e-08	1.8631e-05	0.78532	0.65201
chr15	25204213	25204771	1	0.104025	17	1.0763e-07	0.00087381	0.82104	0.71701
chr15	25206739	25206794	1	0.124318	5	1.7217e-06	0.00012432	0.90917	0.78485
chr15	25212291	25212544	1	0.140347	9	2.7481e-08	8.6285e-05	0.81248	0.67213
chr15	25226676	25227091	1	0.100785	9	9.2392e-06	0.00051767	0.85929	0.75851
chr15	25240820	25240863	0.25923	0.104682	8	2.3842e-08	1.2582e-05	0.92593	0.82125
chr15	25247321	25247416	1	0.125806	5	2.3817e-05	0.00018648	0.76149	0.63569
chr15	25278416	25278520	1	0.108195	6	1.3402e-08	5.0259e-05	0.88387	0.77567
chr15	25555973	25556046	1	0.105139	7	2.8659e-06	0.00046234	0.8752	0.77006
chr15	25644169	25644256	0.00028738	0.284206	5	3.3943e-11	1.3948e-08	0.54774	0.26354
chr15	25717524	25717584	1	0.111068	5	0.0014313	0.012019	0.61504	0.50398
chr15	25797686	25797875	1	0.122411	5	0.0010335	0.027012	0.75588	0.63347
chr15	25798860	25799179	6.1842e-19	0.296082	14	4.0301e-14	3.0016e-23	0.81633	0.52025
chr15	25800496	25800589	3.4197e-09	0.229897	13	4.2522e-14	1.6598e-13	0.62657	0.39667
chr15	25802428	25802522	0.96565	0.110707	7	1.613e-07	4.687e-05	0.77939	0.66869
chr15	25863418	25863612	2.2646e-33	0.154853	36	4.2633e-14	1.0991e-37	0.20194	0.047085
chr15	25863756	25863802	0.0039654	0.221401	5	4.2775e-11	1.9247e-07	0.47944	0.25804
chr15	25864051	25864467	2.8034e-09	0.154278	17	4.3077e-14	1.3607e-13	0.85348	0.6992
chr15	26083718	26083883	0.13732	-0.112706	10	2.2757e-06	6.6652e-06	0.64661	0.75931
chr15	26095872	26095999	1.2173e-08	0.206092	11	4.2411e-14	5.9084e-13	0.5013	0.2952
chr15	26298144	26298182	0.70262	0.167514	5	2.2778e-07	3.4103e-05	0.87511	0.7076
chr15	26298302	26298754	6.8571e-05	0.110939	31	4.8406e-14	3.3282e-09	0.83975	0.72881
chr15	26629353	26629611	0.0088828	0.185115	11	1.9196e-13	4.3114e-07	0.84153	0.65642
chr15	26640232	26640246	1	0.126855	7	6.2973e-07	0.00010358	0.86357	0.73672
chr15	26670562	26670605	0.065269	0.183164	5	1.4931e-07	3.1679e-06	0.85631	0.67314
chr15	26719613	26719688	0.026633	0.121029	6	1.0772e-08	1.2927e-06	0.78781	0.66678
chr15	26771562	26771747	0.0094601	0.118126	13	1.8155e-12	4.5916e-07	0.21675	0.098626
chr15	26772413	26772493	0.0051367	0.157596	9	7.9821e-12	2.4932e-07	0.28229	0.12469
chr15	26773714	26773738	0.26437	0.124996	5	8.4132e-07	1.2832e-05	0.19901	0.074019
chr15	26774245	26774356	1	0.101389	7	2.2694e-05	0.0096532	0.42275	0.32136
chr15	26780932	26781027	1	0.139848	7	1.2111e-05	0.0014397	0.73897	0.59912
chr15	26838776	26838847	0.59865	0.165397	7	1.7463e-06	2.9056e-05	0.65145	0.48605
chr15	26838848	26838947	1	0.102663	11	6.7399e-06	0.002729	0.76551	0.66285
chr15	26842129	26842407	1	0.104474	16	7.0734e-06	0.0015743	0.66035	0.55588
chr15	26866424	26866552	0.018269	0.130780	19	7.9492e-14	8.867e-07	0.34321	0.21243
chr15	26867050	26867180	0.19833	0.143803	8	3.0321e-07	9.6262e-06	0.20453	0.060723
chr15	26868312	26868374	1	0.133048	5	5.7868e-06	0.00047851	0.28396	0.15091
chr15	26882418	26882480	1	0.152647	5	5.0333e-06	0.001191	0.84978	0.69713
chr15	26913940	26914129	1	0.103735	8	1.7604e-05	0.0012771	0.8466	0.74287
chr15	26965142	26965243	1	0.111679	5	6.5842e-05	0.0085096	0.70749	0.59582
chr15	26967756	26967819	7.9671e-17	0.300583	11	4.4187e-14	3.867e-21	0.47337	0.17279
chr15	26967823	26967960	1	0.146393	5	0.00023997	0.0042325	0.3221	0.17571
chr15	26967980	26968092	1.1691e-12	0.221447	21	3.9635e-14	5.6743e-17	0.4778	0.25636
chr15	26968092	26968249	0.17249	0.129049	14	3.9547e-08	8.3721e-06	0.34108	0.21203
chr15	26970604	26970970	5.5553e-19	0.196261	33	4.774e-14	2.6964e-23	0.40136	0.2051
chr15	27027085	27027304	1	-0.119086	5	3.9026e-05	0.0026568	0.25195	0.37104
chr15	27047160	27047308	1	0.114901	5	5.6955e-05	0.0011044	0.76749	0.65259
chr15	27258374	27258516	1	0.101734	7	0.0062534	0.0058223	0.60088	0.49915
chr15	27574121	27574137	1	-0.107357	5	0.0013374	0.055358	0.70986	0.81722
chr15	27646255	27646335	1	0.101528	5	0.028175	0.14597	0.69399	0.59246
chr15	27714281	27714328	0.0021039	0.106694	8	1.2881e-11	1.0212e-07	0.93975	0.83306
chr15	27714848	27714965	1	0.124564	7	4.1549e-07	0.00017589	0.80184	0.67727
chr15	27768874	27769170	0.0074982	0.128617	19	1.9151e-13	3.6394e-07	0.71089	0.58228
chr15	27804959	27805001	1	0.103981	5	1.2281e-05	0.0010769	0.93074	0.82676
chr15	27899969	27900087	0.0017846	0.125860	5	3.24e-09	8.6617e-08	0.902	0.77614
chr15	27903090	27903285	3.7448e-08	0.110462	21	4.2522e-14	1.8176e-12	0.88336	0.7729
chr15	27905709	27905906	0.027212	0.102841	7	1.6299e-08	1.3208e-06	0.88582	0.78297
chr15	27938865	27939008	0.16451	0.107072	10	5.2147e-09	7.9849e-06	0.84046	0.73339
chr15	28098395	28098480	1	0.111597	5	0.0075959	0.023329	0.64757	0.53597
chr15	28107905	28107956	2.959e-10	0.325553	7	4.2077e-14	1.4362e-14	0.57552	0.24997
chr15	28168521	28168578	8.0223e-06	0.222992	7	5.218e-14	3.8938e-10	0.94458	0.72159
chr15	28203619	28203783	2.8297e-08	0.226309	12	4.0523e-14	1.3734e-12	0.77116	0.54485
chr15	28738558	28738687	0.068424	0.181077	5	7.2412e-12	3.3211e-06	0.29804	0.11697
chr15	28788678	28788760	0.00070419	0.119327	17	1.1546e-13	3.4179e-08	0.30671	0.18738
chr15	28789545	28789804	1	0.101073	13	0.00033181	0.011824	0.46334	0.36227
chr15	28832055	28832653	7.9929e-114	0.162508	100	4.4964e-14	3.8795e-118	0.23024	0.067735
chr15	28920685	28920974	1	0.141894	5	0.00015968	0.00071429	0.67144	0.52955
chr15	28921532	28921607	0.0022926	0.223834	5	1.3801e-10	1.1128e-07	0.61444	0.3906
chr15	29139164	29139282	1	0.100722	10	3.3668e-08	8.9067e-05	0.89058	0.78985
chr15	29149553	29149845	4.8057e-10	0.117547	25	4.6407e-14	2.3325e-14	0.90048	0.78293
chr15	29159096	29159368	7.4109e-20	0.294667	15	3.8192e-14	3.597e-24	0.73463	0.43997
chr15	29294696	29294729	1	-0.109646	6	0.0013571	0.020484	0.56069	0.67034
chr15	29410460	29410497	0.45795	0.131713	7	1.4954e-08	2.2227e-05	0.79804	0.66632
chr15	29470902	29471040	1	-0.116647	5	0.00046272	0.0031447	0.18758	0.30422
chr15	29524601	29524684	6.4274e-08	0.154603	12	4.0412e-14	3.1197e-12	0.87001	0.7154
chr15	29533181	29533324	1	0.102033	7	6.1076e-07	0.00040499	0.90136	0.79933
chr15	29612341	29612413	1.4233e-09	0.279233	8	4.1855e-14	6.9081e-14	0.64202	0.36279
chr15	29688219	29688492	0.34458	-0.105914	21	4.436e-08	1.6725e-05	0.41574	0.52165
chr15	29718702	29718835	0.0087836	0.100788	12	8.9615e-11	4.2633e-07	0.89022	0.78943
chr15	29730630	29730679	3.7447e-09	0.132814	8	4.5297e-14	1.8176e-13	0.97603	0.84321
chr15	29756994	29757149	1	-0.127878	5	0.00032509	0.0086935	0.29496	0.42284
chr15	29813784	29813902	1	0.111483	5	1.535e-05	0.00091172	0.79915	0.68767
chr15	29871344	29871717	7.0869e-17	0.167659	35	4.2966e-14	3.4397e-21	0.83742	0.66976
chr15	29883260	29883328	0.068969	0.170604	5	4.3575e-09	3.3475e-06	0.753	0.5824
chr15	29920672	29920779	2.1779e-06	0.296280	5	5.4401e-14	1.0571e-10	0.67078	0.3745
chr15	29924782	29924874	0.0078828	-0.115938	7	9.8385e-11	3.8261e-07	0.12743	0.24337
chr15	29985527	29985687	4.8782e-16	0.343218	13	4.7518e-14	2.3677e-20	0.61682	0.2736
chr15	30045635	30045808	1.378e-06	-0.205304	21	4.563e-14	6.6883e-11	0.29168	0.49698
chr15	30628360	30628530	0.17793	0.135251	5	3.1145e-07	8.6361e-06	0.82366	0.68841
chr15	30816702	30816784	1	0.155384	6	3.6503e-06	0.0012572	0.78604	0.63065
chr15	30823602	30823784	1.4002e-09	0.190893	20	4.2744e-14	6.7963e-14	0.83037	0.63948
chr15	30882803	30883107	0.0039942	0.134621	14	2.4942e-10	1.9386e-07	0.77396	0.63934
chr15	30905817	30906246	1.0054e-08	-0.259679	8	4.6407e-14	4.8799e-13	0.40441	0.66409
chr15	30923572	30923704	2.4454e-07	-0.279420	8	4.6296e-14	1.1869e-11	0.50027	0.77969
chr15	31080852	31081070	8.7405e-18	0.288087	18	4.452e-14	4.2423e-22	0.64821	0.36012
chr15	31223572	31223631	0.31802	0.143876	6	2.73e-08	1.5436e-05	0.87861	0.73473
chr15	31223679	31223908	1	0.141379	7	1.1947e-05	0.0012475	0.58133	0.43995
chr15	31223923	31223984	1	0.101524	8	6.135e-05	8.6087e-05	0.68741	0.58589
chr15	31230973	31231160	2.1381e-10	0.215456	10	4.0079e-14	1.0377e-14	0.81995	0.60449
chr15	31305127	31305196	1	-0.131402	6	1.3553e-05	0.0057333	0.61601	0.74741
chr15	31325255	31325367	2.4858e-09	0.199346	16	4.563e-14	1.2065e-13	0.77471	0.57537
chr15	31329592	31329932	0.054249	-0.161645	14	5.1272e-12	2.633e-06	0.20955	0.3712
chr15	31332276	31332455	2.7307e-05	0.262973	9	4.5297e-14	1.3254e-09	0.75147	0.4885
chr15	31387986	31388092	1	-0.192581	5	4.4675e-07	6.0167e-05	0.29209	0.48467
chr15	31393562	31393673	1.8569e-05	0.227351	8	4.2499e-13	9.0127e-10	0.71954	0.49219
chr15	31435025	31435111	0.23597	0.196277	6	1.1503e-08	1.1453e-05	0.31186	0.11559
chr15	31482877	31483278	0.0014463	0.136367	16	8.5332e-08	7.02e-08	0.35785	0.22148
chr15	31554431	31554468	0.0028722	0.229570	5	8.5017e-11	1.3941e-07	0.61862	0.38905
chr15	31797739	31797793	0.12681	0.179387	5	3.7323e-07	6.1548e-06	0.75691	0.57753
chr15	31866381	31866763	1	0.102203	8	8.0156e-07	0.00022827	0.826	0.72379
chr15	31904834	31904893	1	-0.121521	5	0.00107	0.040458	0.30657	0.42809
chr15	31914347	31914422	0.35442	0.153218	6	5.073e-09	1.7203e-05	0.73582	0.5826
chr15	32617723	32617921	1	0.122839	9	4.2167e-09	5.1561e-05	0.83981	0.71697
chr15	32641459	32641718	1.0548e-08	-0.155989	19	4.6296e-14	5.1196e-13	0.26559	0.42157
chr15	32641797	32641814	1	-0.111213	7	4.9254e-05	0.0082546	0.27071	0.38192
chr15	32641890	32642046	0.036609	-0.162698	5	1.8949e-07	1.7769e-06	0.15692	0.31962
chr15	32659722	32659821	1	-0.146934	5	0.0001476	0.00025097	0.38198	0.52891
chr15	32707547	32707604	0.0015163	0.246781	5	4.5908e-13	7.3598e-08	0.79149	0.54471
chr15	32839333	32839489	0.085771	0.153665	5	2.8759e-09	4.163e-06	0.77241	0.61875
chr15	32862033	32862061	0.00028071	0.138537	9	1.5213e-11	1.3625e-08	0.60039	0.46185
chr15	32870600	32870772	5.4181e-14	0.235575	14	3.908e-14	2.6298e-18	0.78417	0.5486
chr15	33092549	33092582	1.0345e-12	-0.277469	8	4.1189e-14	5.0212e-17	0.21483	0.4923
chr15	33145128	33145369	1	0.107460	7	4.4011e-06	0.0012083	0.84813	0.74067
chr15	33294038	33294122	2.6818e-05	-0.197580	9	4.6627e-12	1.3017e-09	0.39317	0.59075
chr15	33311629	33311768	0.001994	0.102154	12	1.8729e-10	9.6784e-08	0.16343	0.061275
chr15	34018398	34018565	1.965e-13	0.320838	8	4.5741e-14	9.5376e-18	0.77063	0.4498
chr15	34084167	34084265	7.4216e-16	-0.334061	8	4.3188e-14	3.6022e-20	0.22659	0.56066
chr15	34336412	34336515	0.0015306	0.287853	6	4.089e-13	7.4291e-08	0.72934	0.44149
chr15	34336529	34336640	1.7781e-07	0.159823	15	4.5519e-14	8.6302e-12	0.7928	0.63298
chr15	34336640	34336738	0.0041914	0.272696	5	4.4911e-12	2.0344e-07	0.66551	0.39282
chr15	34490603	34490684	2.0596e-05	0.235583	5	4.4204e-11	9.9965e-10	0.30856	0.072975
chr15	34495144	34495884	1.6008e-14	0.118165	56	5.0848e-14	7.7697e-19	0.3687	0.25054
chr15	34754376	34754422	0.9043	0.176413	5	6.0205e-09	4.3892e-05	0.30998	0.13356
chr15	34793398	34793480	1	0.147683	7	1.6391e-07	5.3426e-05	0.86832	0.72063
chr15	34794665	34794800	0.0026847	0.117767	18	9.9021e-10	1.3031e-07	0.38317	0.2654
chr15	35079378	35079546	0.057669	0.115122	10	1.0663e-10	2.799e-06	0.86403	0.74891
chr15	35151025	35151124	1	0.115068	5	0.00037756	0.019898	0.80605	0.69098
chr15	35237411	35237479	0.00085971	0.154696	5	1.8024e-11	4.1727e-08	0.89344	0.73875
chr15	35506547	35506618	0.0011215	-0.238849	5	1.63e-11	5.4432e-08	0.3859	0.62475
chr15	35546839	35546906	9.356e-07	-0.221743	8	4.1744e-14	4.5411e-11	0.33688	0.55863
chr15	35697703	35697854	1.4569e-05	-0.171906	7	4.6629e-14	7.0713e-10	0.10534	0.27725
chr15	36819728	36819853	0.14964	0.106210	7	2.3344e-08	7.2629e-06	0.76175	0.65554
chr15	36877387	36877560	8.3792e-06	0.216795	10	4.0967e-14	4.067e-10	0.56088	0.34408
chr15	36877815	36877896	1	0.160395	5	6.3177e-05	0.0016249	0.5458	0.3854
chr15	36878141	36878347	1.9484e-33	0.189973	42	4.8406e-14	9.4569e-38	0.33689	0.14692
chr15	36886475	36886638	1	0.105920	13	1.3871e-07	0.00040016	0.41247	0.30655
chr15	36888482	36888666	1	0.104783	8	0.00011234	0.0010837	0.26534	0.16055
chr15	37034744	37034821	0.028433	0.117593	5	4.1719e-08	1.38e-06	0.95075	0.83316
chr15	37046162	37046397	1	-0.153597	7	5.181e-05	0.0013961	0.37162	0.52522
chr15	37095225	37095366	0.42855	0.151870	17	1.3347e-09	2.08e-05	0.47033	0.31846
chr15	37096297	37096346	1	-0.148745	10	6.054e-08	0.0002077	0.37225	0.52099
chr15	37102865	37102970	0.0015637	0.108108	12	2.8938e-12	7.5897e-08	0.22601	0.1179
chr15	37900619	37900697	1	-0.151116	5	2.2803e-05	0.0014755	0.26092	0.41203
chr15	38042725	38042814	0.013339	0.214800	5	1.0548e-07	6.4743e-07	0.70021	0.48541
chr15	38217507	38217582	5.6862e-07	0.278390	5	1.0392e-13	2.7599e-11	0.44435	0.16596
chr15	38250978	38251009	1	-0.223348	5	6.0646e-07	0.00016164	0.33211	0.55546
chr15	38378368	38378437	4.653e-08	0.176365	12	4.2966e-14	2.2584e-12	0.4187	0.24233
chr15	38453846	38453875	1	-0.131744	5	5.0253e-05	0.00078137	0.26833	0.40007
chr15	38460637	38460799	1	-0.120167	5	0.0019663	0.0059241	0.46856	0.58872
chr15	38560452	38560480	1	0.157051	5	4.2443e-07	0.00028363	0.85649	0.69944
chr15	38696331	38696723	5.2631e-22	0.342193	11	3.7415e-14	2.5546e-26	0.69571	0.35352
chr15	38843307	38843466	0.0016162	-0.230097	5	1.0326e-10	7.8447e-08	0.39099	0.62108
chr15	38850098	38850303	1	0.121499	5	3.9862e-05	0.0062782	0.88731	0.76581
chr15	38874562	38874728	0.037666	0.126038	10	1.5184e-10	1.8282e-06	0.90294	0.7769
chr15	39085247	39085419	1	0.168065	5	1.1342e-06	0.00013401	0.32019	0.15212
chr15	39129098	39129342	1	0.104491	6	0.0020141	0.021265	0.87363	0.76914
chr15	39270994	39271224	0.29152	0.111817	11	4.755e-10	1.4149e-05	0.87088	0.75906
chr15	39334163	39334250	0.3032	0.122051	5	4.1719e-08	1.4717e-05	0.85348	0.73143
chr15	39358070	39358172	0.0018355	-0.188653	8	2.7767e-12	8.909e-08	0.22045	0.40911
chr15	39579674	39579893	7.7744e-07	0.145977	22	4.5741e-14	3.7734e-11	0.57828	0.4323
chr15	39582498	39582680	5.1817e-12	-0.245935	11	4.6518e-14	2.515e-16	0.19296	0.4389
chr15	39584018	39584147	0.00062587	-0.238540	8	1.1849e-11	3.0378e-08	0.49797	0.73651
chr15	39587845	39587920	1.3694e-06	-0.241481	6	4.5075e-14	6.6467e-11	0.23708	0.47856
chr15	39595806	39595954	0.17036	-0.188824	11	4.8938e-10	8.2689e-06	0.49778	0.68661
chr15	39693085	39693251	0.0049145	-0.161816	7	2.4136e-12	2.3853e-07	0.13759	0.2994
chr15	39818665	39818791	0.01331	0.147891	7	7.3236e-10	6.4601e-07	0.82232	0.67443
chr15	39828521	39828696	0.16668	-0.175155	6	1.5946e-10	8.0903e-06	0.20439	0.37954
chr15	39869402	39869444	0.1285	0.244426	5	4.3575e-09	6.2367e-06	0.70576	0.46134
chr15	39976325	39976543	2.0087e-18	-0.188951	27	4.4409e-14	9.7498e-23	0.26328	0.45223
chr15	40019231	40019409	0.095461	0.108395	5	2.5963e-06	4.6334e-06	0.90866	0.80026
chr15	40054914	40054963	1	0.112541	5	0.0041025	0.0033503	0.37692	0.26438
chr15	40072509	40072665	1.4986e-09	-0.240533	8	4.3965e-14	7.2738e-14	0.16987	0.41041
chr15	40073915	40074316	6.7487e-34	0.369970	22	4.9516e-14	3.2756e-38	0.74123	0.37126
chr15	40128849	40128935	8.7567e-08	-0.195141	14	4.2299e-14	4.2502e-12	0.47191	0.66705
chr15	40165122	40165255	2.9885e-05	0.137231	10	4.6518e-14	1.4505e-09	0.88091	0.74368
chr15	40217316	40217602	0.0004933	-0.196891	5	1.6063e-08	2.3943e-08	0.20759	0.40448
chr15	40252210	40252248	1	-0.158984	7	5.2139e-06	0.0001223	0.30663	0.46561
chr15	40279732	40280442	6.2282e-11	-0.229945	20	4.563e-14	3.023e-15	0.14779	0.37773
chr15	40307478	40308157	7.67e-05	0.211039	11	4.7518e-14	3.7227e-09	0.41966	0.20862
chr15	40322965	40323133	0.13191	-0.178787	17	5.8165e-13	6.4023e-06	0.27332	0.45211
chr15	40340891	40341216	0.69805	-0.123919	14	2.6997e-08	3.3881e-05	0.19535	0.31927
chr15	40349523	40349610	1	-0.159869	6	4.6522e-07	0.0005238	0.35393	0.5138
chr15	40358834	40358866	0.0072141	0.110917	10	9.0147e-09	3.5015e-07	0.19486	0.083944
chr15	40368464	40368518	1	0.106522	5	0.014509	0.10345	0.51989	0.41337
chr15	40405152	40405247	8.613e-07	-0.259930	8	4.6296e-14	4.1805e-11	0.26509	0.52502
chr15	40445872	40445987	0.00041385	-0.204637	5	2.8254e-08	2.0087e-08	0.34195	0.54659
chr15	40590789	40590962	1	-0.105907	5	0.0026367	0.013995	0.29703	0.40294
chr15	40798786	40798900	1	-0.120357	7	2.488e-05	0.0033477	0.66822	0.78858
chr15	40808035	40808105	1	-0.125021	5	0.0052405	0.03675	0.1265	0.25153
chr15	40829040	40829393	1.2225e-11	-0.251554	13	4.3965e-14	5.9338e-16	0.30365	0.55521
chr15	40843531	40843622	1.2268e-06	-0.219642	12	4.563e-14	5.9547e-11	0.19429	0.41393
chr15	40858319	40858338	1	-0.131247	5	0.010559	0.061913	0.47206	0.60331
chr15	40927020	40927044	1	0.149297	5	6.0611e-06	0.00038928	0.25553	0.10624
chr15	40952582	40952702	0.0009716	-0.213151	9	5.8498e-12	4.7158e-08	0.40577	0.61892
chr15	41232083	41232152	0.0016024	-0.146363	5	7.6027e-09	7.7777e-08	0.1551	0.30147
chr15	41496150	41496207	1.4242e-05	-0.231365	6	6.4118e-11	6.9126e-10	0.35187	0.58324
chr15	41501174	41501756	6.3177e-31	0.303402	32	4.3743e-14	3.0664e-35	0.53372	0.23032
chr15	41502074	41502620	2.824e-21	0.218820	24	4.341e-14	1.3707e-25	0.32929	0.11047
chr15	41503845	41503909	1	0.124384	6	5.5999e-06	0.0020484	0.85666	0.73227
chr15	41622114	41622195	4.9152e-10	0.235840	11	4.6074e-14	2.3857e-14	0.58938	0.35354
chr15	41659497	41660180	0.0016744	0.202191	12	3.0143e-13	8.1268e-08	0.72514	0.52295
chr15	41773118	41773262	1	0.143623	6	1.2237e-05	0.0011647	0.74991	0.60629
chr15	41810095	41810184	0.7638	0.192125	5	3.8296e-07	3.7072e-05	0.71467	0.52254
chr15	41831460	41831546	1.5184e-09	0.322205	8	4.3743e-14	7.3697e-14	0.70499	0.38279
chr15	41838451	41838538	0.00014831	-0.252317	6	1.5076e-12	7.1983e-09	0.36078	0.6131
chr15	41881670	41881732	0.014612	-0.160002	8	1.0788e-09	7.0923e-07	0.34386	0.50386
chr15	41882694	41882806	0.0028836	-0.277485	6	3.6848e-13	1.3996e-07	0.31126	0.58875
chr15	41893851	41893940	1	-0.137117	5	0.0034557	0.017918	0.61114	0.74826
chr15	41894688	41895022	5.8368e-16	0.273490	18	4.8961e-14	2.833e-20	0.45385	0.18036
chr15	41904840	41904868	0.53129	0.189998	5	3.5322e-08	2.5787e-05	0.51692	0.32692
chr15	41916915	41917083	2.9782e-08	0.150340	18	4.4853e-14	1.4455e-12	0.85841	0.70807
chr15	41997646	41997742	0.018222	-0.175979	5	1.9594e-08	8.8442e-07	0.31065	0.48662
chr15	42079692	42079811	0.34093	0.105711	11	7.1679e-08	1.6548e-05	0.82765	0.72194
chr15	42155876	42156084	1.0856e-13	-0.232689	26	4.9627e-14	5.2689e-18	0.21935	0.45204
chr15	42156561	42156858	0.055634	-0.205997	6	8.3022e-10	2.7003e-06	0.38468	0.59068
chr15	42210724	42210955	0.19154	0.124526	5	8.002e-07	9.2966e-06	0.93584	0.81131
chr15	42360049	42360182	0.026858	0.162115	10	7.2093e-12	1.3036e-06	0.78358	0.62147
chr15	42595932	42596028	0.0005128	0.161768	6	3.0645e-10	2.489e-08	0.70864	0.54687
chr15	42737601	42737636	1	-0.171003	5	4.478e-06	0.0011391	0.38107	0.55207
chr15	43184947	43185147	1	-0.128370	5	0.01086	0.0064115	0.40492	0.53329
chr15	43210790	43210859	1	0.101467	7	2.2398e-05	0.009366	0.79423	0.69276
chr15	43225948	43226043	1	0.173904	6	1.0413e-06	0.0013301	0.72312	0.54922
chr15	43239848	43239900	3.6452e-21	0.330006	8	4.9072e-14	1.7692e-25	0.66309	0.33309
chr15	43266896	43267387	0.027423	-0.142338	16	1.0258e-12	1.331e-06	0.3955	0.53784
chr15	43493702	43493813	6.718e-08	-0.255141	7	4.7073e-14	3.2607e-12	0.26888	0.52402
chr15	43793308	43793598	1	-0.106136	5	0.013187	0.06087	0.14532	0.25145
chr15	43800289	43800331	1	-0.131113	5	0.0011663	0.08922	0.49009	0.6212
chr15	44194422	44194436	0.13766	-0.128049	5	2.5255e-08	6.6818e-06	0.092207	0.22026
chr15	44663993	44664098	0.015544	0.212424	6	2.4145e-12	7.5443e-07	0.74695	0.53452
chr15	44676736	44677342	1	0.128358	15	2.0111e-07	8.3457e-05	0.667	0.53864
chr15	44710328	44710400	4.0828e-09	0.366248	5	4.4853e-14	1.9816e-13	0.6168	0.25055
chr15	44735823	44736517	2.9291e-11	0.190844	14	3.9968e-14	1.4217e-15	0.57027	0.37942
chr15	44956262	44956501	1	0.109989	8	1.0377e-07	9.2115e-05	0.86471	0.75472
chr15	45022637	45022719	1	0.100251	8	0.015151	0.021519	0.39028	0.29003
chr15	45035734	45036045	3.9997e-25	0.236719	24	5.218e-14	1.9413e-29	0.74578	0.50906
chr15	45036071	45036260	0.034826	0.130733	12	2.2724e-09	1.6903e-06	0.82227	0.69153
chr15	45099809	45099943	0.056163	0.123380	12	5.2456e-08	2.726e-06	0.76043	0.63705
chr15	45108251	45108312	0.093575	0.125069	7	6.9463e-09	4.5418e-06	0.92725	0.80218
chr15	45111905	45112000	0.00024435	0.220725	11	5.1403e-14	1.186e-08	0.40456	0.18383
chr15	45116375	45116724	5.7904e-12	0.244703	23	3.8414e-14	2.8105e-16	0.47702	0.23232
chr15	45117735	45117871	3.2851e-11	0.275949	15	4.2522e-14	1.5945e-15	0.66017	0.38422
chr15	45118010	45118039	9.8234e-11	0.284984	10	4.3521e-14	4.7679e-15	0.54686	0.26188
chr15	45134810	45134899	1	-0.106742	8	0.00013953	0.0018117	0.21794	0.32469
chr15	45155808	45155883	1	0.117641	5	2.9569e-07	6.9495e-05	0.93909	0.82145
chr15	45215579	45215633	1	0.107924	8	2.4671e-07	0.0003797	0.76358	0.65565
chr15	45251989	45252214	4.1233e-07	-0.138881	17	4.3854e-14	2.0013e-11	0.69753	0.83641
chr15	45314974	45315132	1	0.102824	11	6.7399e-06	0.00034061	0.80491	0.70209
chr15	45376728	45376813	1	-0.107071	8	0.00047548	0.057125	0.40823	0.5153
chr15	45378267	45378340	1.9781e-05	0.103717	18	1.5858e-10	9.601e-10	0.13208	0.028362
chr15	45378638	45378998	3.2308e-91	0.316650	55	2.6534e-14	1.5681e-95	0.46949	0.15284
chr15	45379047	45379082	2.6458e-10	0.210185	6	4.5408e-14	1.2842e-14	0.65423	0.44404
chr15	45401487	45401672	1	-0.105534	5	0.0078202	0.040689	0.14988	0.25541
chr15	45429376	45429460	0.090852	-0.178354	10	6.9249e-10	4.4096e-06	0.59019	0.76855
chr15	45432078	45432393	0.16599	-0.194691	5	3.2801e-07	8.0567e-06	0.4825	0.67719
chr15	45510700	45511058	1	-0.110225	5	0.0030451	0.028889	0.41795	0.52817
chr15	45645513	45645705	1	-0.121890	9	6.3791e-06	0.00073807	0.26454	0.38643
chr15	45650340	45650412	0.00013221	0.296749	5	3.0592e-10	6.4172e-09	0.80179	0.50504
chr15	45660453	45660554	1	-0.154801	8	7.8191e-07	0.001222	0.45193	0.60673
chr15	45704255	45704411	8.4948e-11	0.167387	30	4.5075e-14	4.1231e-15	0.37511	0.20772
chr15	46343764	46343972	1	0.147925	5	4.6208e-05	0.000672	0.78224	0.63432
chr15	47183793	47183960	7.9507e-10	0.256770	9	3.9524e-14	3.859e-14	0.69084	0.43407
chr15	47185637	47185765	0.0015252	0.206388	8	1.6137e-12	7.4026e-08	0.59721	0.39083
chr15	47714750	47714876	1	0.197482	5	4.2473e-05	0.0029185	0.80098	0.6035
chr15	47742099	47742162	0.0067808	0.114277	6	2.7589e-09	3.2912e-07	0.88291	0.76864
chr15	47764785	47764868	0.026126	0.124923	7	2.0189e-09	1.2681e-06	0.90254	0.77761
chr15	47772466	47772533	1	0.107172	5	0.00029585	0.0006616	0.89513	0.78796
chr15	47812929	47812953	1.5754e-13	0.283192	6	4.2188e-14	7.6466e-18	0.71663	0.43344
chr15	48120904	48121148	1	0.117616	10	1.1695e-06	0.00063133	0.76357	0.64596
chr15	48205099	48205193	1	0.116474	5	0.00012104	0.0015757	0.71467	0.59819
chr15	48643316	48643359	2.6706e-05	-0.227881	6	7.6761e-13	1.2962e-09	0.35408	0.58196
chr15	48975617	48975795	0.04227	-0.175282	5	1.0731e-05	2.0516e-06	0.15069	0.32597
chr15	49046958	49047128	0.012389	-0.192194	8	1.011e-10	6.0131e-07	0.39434	0.58654
chr15	49439983	49440115	0.0001618	0.168647	5	9.0717e-11	7.8534e-09	0.66854	0.49989
chr15	50003902	50004040	1	-0.111623	9	0.00019311	0.0082304	0.23782	0.34944
chr15	50060086	50060199	0.049671	0.169798	7	7.8909e-10	2.4108e-06	0.54195	0.37216
chr15	50137632	50137733	0.23977	0.132713	5	3.1962e-07	1.1638e-05	0.82729	0.69457
chr15	50248012	50248190	1	0.136961	8	0.00038538	0.00069051	0.66872	0.53176
chr15	50547128	50547306	1	0.221446	5	3.7984e-06	0.00019948	0.64137	0.41992
chr15	50907088	50907408	1	0.141225	14	7.1184e-08	0.0002841	0.47337	0.33215
chr15	51077652	51077823	6.9261e-14	0.262732	16	4.4742e-14	3.3617e-18	0.5613	0.29857
chr15	51093587	51093699	3.8797e-08	0.193989	15	4.2411e-14	1.8831e-12	0.44432	0.25033
chr15	51105059	51105164	1	0.176115	6	6.7484e-08	5.8471e-05	0.77615	0.60003
chr15	51105946	51106362	1	0.114762	6	0.00021323	0.023965	0.81377	0.699
chr15	51260931	51261072	1	0.111712	5	0.00030149	0.019517	0.84519	0.73348
chr15	51261084	51261169	0.0043013	0.143093	7	4.0451e-11	2.0877e-07	0.87846	0.73537
chr15	51340413	51340708	0.24739	0.167909	6	1.4185e-09	1.2008e-05	0.8304	0.66249
chr15	51402185	51402235	1	0.190380	5	1.436e-05	0.00044084	0.59098	0.4006
chr15	51705100	51705281	1	0.106847	5	4.819e-05	0.0031862	0.84879	0.74195
chr15	51838054	51838109	0.0024774	0.214132	5	4.4204e-11	1.2025e-07	0.67655	0.46242
chr15	51843200	51843291	1.094e-05	-0.303131	5	1.5321e-13	5.3099e-10	0.29375	0.59688
chr15	52018713	52018814	1	-0.126490	5	0.010708	0.1367	0.27246	0.39896
chr15	52069658	52069901	7.1935e-05	-0.246195	6	6.4004e-13	3.4915e-09	0.3079	0.55409
chr15	52112005	52112035	1	-0.162533	5	0.0001031	0.0028432	0.34529	0.50783
chr15	52124543	52124599	1	-0.137466	5	0.00055538	0.0037683	0.32445	0.46192
chr15	52178721	52178857	1	-0.101107	6	0.0093182	0.22569	0.41403	0.51514
chr15	52191300	52191400	0.42579	0.170606	7	1.7161e-08	2.0667e-05	0.83313	0.66252
chr15	52256990	52257106	1	0.115754	6	3.7165e-06	0.0023307	0.80041	0.68465
chr15	52261973	52262203	0.00045221	0.247278	6	1.0445e-12	2.1949e-08	0.49691	0.24963
chr15	52308830	52308981	6.4836e-09	0.201048	7	4.5741e-14	3.1469e-13	0.88392	0.68287
chr15	52466021	52466208	0.014236	0.246485	5	1.4388e-09	6.9099e-07	0.71594	0.46946
chr15	52651989	52652190	7.8568e-15	-0.188778	13	4.1855e-14	3.8134e-19	0.18914	0.37792
chr15	52785842	52785867	0.00017308	0.119683	7	1.2309e-11	8.4005e-09	0.18189	0.062204
chr15	52787312	52787359	0.56903	0.123224	10	1.0826e-09	2.7619e-05	0.27182	0.1486
chr15	52791285	52791797	2.146e-29	0.181314	33	5.1292e-14	1.0416e-33	0.28454	0.10323
chr15	52794432	52794892	4.3561e-26	0.166110	51	4.7629e-14	2.1143e-30	0.35244	0.18633
chr15	52795243	52795383	7.8987e-06	0.161007	17	4.6629e-14	3.8338e-10	0.32609	0.16508
chr15	52795401	52795792	6.8643e-19	0.253469	18	4.9627e-14	3.3317e-23	0.391	0.13753
chr15	52800884	52801424	4.2851e-13	0.123671	29	4.5963e-14	2.0798e-17	0.28311	0.15944
chr15	52913032	52913249	1	0.109399	5	0.0073773	0.054669	0.72934	0.61994
chr15	53129984	53130230	1	0.142878	8	7.6446e-06	0.00058684	0.79571	0.65283
chr15	53626234	53626459	0.0014325	0.143247	10	2.4955e-10	6.9526e-08	0.9003	0.75705
chr15	53759026	53759234	5.947e-09	0.239804	10	4.3188e-14	2.8865e-13	0.52527	0.28547
chr15	53759234	53759356	1	0.124817	7	9.8724e-06	0.00018809	0.43184	0.30703
chr15	53810702	53810912	1	0.123361	5	0.00015353	0.013058	0.79935	0.67598
chr15	54012581	54013144	1	0.121280	5	0.0015837	0.023069	0.75623	0.63495
chr15	55267509	55267634	8.9335e-11	0.343119	7	4.3632e-14	4.336e-15	0.62455	0.28143
chr15	55270394	55270589	0.56211	0.120247	9	1.1247e-09	2.7283e-05	0.84849	0.72824
chr15	55282625	55282845	0.00040566	0.231262	10	2.5437e-12	1.9689e-08	0.69326	0.462
chr15	55722498	55722612	1	0.105854	5	1.8726e-05	0.00026297	0.78894	0.68308
chr15	55856564	55856745	1	0.105939	5	0.0092949	0.045171	0.71943	0.6135
chr15	55909215	55909299	1	0.120092	6	4.1718e-08	4.9483e-05	0.90564	0.78555
chr15	56007182	56007246	0.0025474	0.251264	12	6.6208e-10	1.2364e-07	0.49156	0.2403
chr15	56780573	56780714	3.3437e-26	0.407201	9	5.0182e-14	1.6229e-30	0.61217	0.20497
chr15	56780738	56780818	1	0.141635	5	0.00015053	0.002376	0.83235	0.69072
chr15	56985435	56985578	1	0.157466	5	0.00082325	0.0012892	0.76177	0.6043
chr15	57025749	57025861	1	0.115238	5	7.9207e-05	0.0010947	0.85017	0.73493
chr15	57198773	57198829	6.2231e-13	-0.316413	8	4.5186e-14	3.0205e-17	0.30677	0.62318
chr15	57218085	57218465	1	-0.118261	9	2.1506e-06	0.0018309	0.30583	0.42409
chr15	57259392	57259660	1	-0.146381	5	0.0086526	0.00096449	0.55683	0.70321
chr15	57299838	57300240	3.2094e-15	0.258308	16	4.7073e-14	1.5577e-19	0.52813	0.26982
chr15	57303041	57303200	0.0032608	0.147802	10	6.9567e-12	1.5827e-07	0.73722	0.58941
chr15	57306364	57306379	0.97467	0.114210	7	7.0457e-08	4.7307e-05	0.26312	0.14891
chr15	57306929	57306979	0.0051009	0.117887	9	5.932e-12	2.4758e-07	0.20703	0.089144
chr15	57307341	57307412	0.0078525	-0.193385	9	2.3076e-11	3.8113e-07	0.45639	0.64977
chr15	57328226	57328258	0.21802	-0.131004	5	2.9569e-07	1.0582e-05	0.69394	0.82495
chr15	57330000	57330101	1	0.156027	5	4.4675e-07	5.1081e-05	0.82801	0.67199
chr15	57330101	57330139	2.7558e-10	0.345210	6	4.4076e-14	1.3375e-14	0.70649	0.36128
chr15	57427628	57427725	0.0057895	-0.210605	7	1.2426e-12	2.81e-07	0.26961	0.48022
chr15	57526765	57526807	0.094731	-0.209491	6	2.73e-08	4.5979e-06	0.31097	0.52046
chr15	57611291	57611445	1.8274e-05	-0.217479	7	1.3578e-13	8.8696e-10	0.38425	0.60173
chr15	57709369	57709421	0.0001855	-0.236784	5	1.8639e-11	9.0036e-09	0.32661	0.5634
chr15	57868182	57868426	1.2964e-08	0.335145	5	4.7184e-14	6.2922e-13	0.55266	0.21752
chr15	58138191	58138633	4.0304e-05	0.135810	15	7.0721e-14	1.9562e-09	0.7851	0.64929
chr15	58248202	58248253	1	0.108769	6	4.6897e-06	0.0025131	0.83941	0.73064
chr15	58260307	58260453	0.00084172	-0.200214	9	1.537e-12	4.0854e-08	0.32255	0.52276
chr15	58332144	58332341	2.6264e-05	0.140734	8	1.3097e-11	1.2748e-09	0.2644	0.12367
chr15	58466155	58466359	0.99871	0.120448	5	2.1941e-06	4.8474e-05	0.80971	0.68926
chr15	58490529	58490573	0.011556	0.211781	5	1.0879e-11	5.6089e-07	0.85402	0.64224
chr15	58520680	58520771	1	0.163875	7	2.5987e-07	5.5429e-05	0.68095	0.51707
chr15	58548396	58548424	0.2235	0.100998	8	2.3526e-09	1.0848e-05	0.94646	0.84546
chr15	58552285	58552449	6.6022e-12	-0.265703	8	4.7518e-14	3.2045e-16	0.19477	0.46047
chr15	58854682	58854741	1	0.105019	5	1.451e-06	0.0001306	0.86724	0.76222
chr15	58864815	58864975	0.03012	0.163549	12	4.2793e-10	1.4619e-06	0.38687	0.22332
chr15	58951681	58951805	1	-0.122324	5	0.042515	0.012336	0.50424	0.62657
chr15	58987145	58987248	2.0945e-09	-0.152602	10	4.5519e-14	1.0166e-13	0.10854	0.26114
chr15	59206351	59206472	1	0.100106	7	0.00031733	0.051027	0.92258	0.82248
chr15	59276445	59276637	0.00019163	-0.194952	9	5.4268e-13	9.301e-09	0.46323	0.65818
chr15	59295346	59295414	1	-0.132891	7	7.3551e-05	0.0022139	0.4561	0.58899
chr15	59315924	59316000	1	-0.196542	5	1.4044e-05	0.0005313	0.26658	0.46312
chr15	59331057	59331220	0.0064955	-0.224549	7	3.2471e-11	3.1527e-07	0.30042	0.52497
chr15	59354537	59354676	1	0.108974	5	0.0006771	0.010155	0.85143	0.74246
chr15	59401591	59402052	0.041478	-0.164136	8	1.0001e-09	2.0132e-06	0.17415	0.33829
chr15	59421104	59421229	1	0.125020	7	5.6724e-06	0.0020795	0.77385	0.64883
chr15	59522973	59523045	0.0045059	0.267127	5	1.5196e-10	2.187e-07	0.65567	0.38855
chr15	59549357	59549471	0.12463	-0.218904	7	4.4099e-10	6.0492e-06	0.31312	0.53202
chr15	59615159	59615294	1.297e-07	0.315173	5	4.4964e-14	6.2954e-12	0.56947	0.2543
chr15	59616422	59616837	0.0016734	-0.170656	12	8.4832e-13	8.1223e-08	0.46134	0.632
chr15	59657881	59657895	1.6671e-10	-0.291258	8	4.3077e-14	8.0917e-15	0.19764	0.4889
chr15	59953521	59953606	2.5378e-07	-0.282891	7	4.6518e-14	1.2318e-11	0.21341	0.4963
chr15	59993449	59993508	0.1573	-0.136162	14	3.5028e-12	7.6348e-06	0.47022	0.60638
chr15	59993609	59993630	0.35036	-0.172261	7	2.211e-09	1.7005e-05	0.45702	0.62928
chr15	59995883	59995900	1	0.137944	5	0.00010734	0.011046	0.67119	0.53324
chr15	60045013	60045185	1	0.189492	5	8.0841e-05	0.0055094	0.49843	0.30894
chr15	60326274	60326316	0.0036642	-0.207294	5	2.026e-10	1.7785e-07	0.26738	0.47467
chr15	60351874	60351990	0.45542	-0.219842	5	1.436e-05	2.2104e-05	0.46003	0.67987
chr15	60362462	60362582	1	-0.102874	5	0.0078202	0.015365	0.49067	0.59354
chr15	60390835	60390995	1	-0.125613	5	0.00010951	0.000919	0.60681	0.73242
chr15	60396660	60396864	4.5083e-06	-0.235797	7	4.3521e-14	2.1882e-10	0.15913	0.39492
chr15	60399373	60399428	1	-0.161482	5	0.0001052	0.0089354	0.31677	0.47825
chr15	60414169	60414271	1	-0.110725	5	0.0038556	0.031129	0.22393	0.33465
chr15	60580555	60580660	0.00061579	0.196914	7	2.7645e-13	2.9888e-08	0.78235	0.58543
chr15	60667396	60667496	2.6046e-07	-0.213132	10	4.2522e-14	1.2642e-11	0.33811	0.55124
chr15	60674051	60674146	0.53089	-0.173943	6	1.0538e-08	2.5768e-05	0.19228	0.36622
chr15	60695642	60695803	1.2132e-11	0.236431	15	4.3521e-14	5.8883e-16	0.7455	0.50907
chr15	60759603	60759707	0.48526	0.125970	5	5.6202e-07	2.3553e-05	0.84703	0.72106
chr15	60819596	60819665	1	0.172503	5	3.3661e-07	0.00019412	0.86132	0.68882
chr15	60859917	60860115	0.71461	0.121574	9	1.6631e-09	3.4685e-05	0.86769	0.74612
chr15	60890507	60890616	1.3205e-05	0.183939	8	4.4076e-14	6.4093e-10	0.85412	0.67018
chr15	60928593	60928698	0.043555	0.150337	6	1.9846e-10	2.114e-06	0.82363	0.6733
chr15	60944784	60944983	1	0.112445	6	2.4366e-05	0.00023481	0.74191	0.62946
chr15	61010384	61010505	1	0.110766	5	0.00016285	0.00022339	0.91041	0.79964
chr15	61086129	61086257	0.015297	-0.197769	5	3.4699e-10	7.4247e-07	0.61893	0.8167
chr15	61088193	61088413	1	-0.111125	7	4.7417e-05	0.0018334	0.52254	0.63366
chr15	61112486	61112619	0.01889	0.201326	6	6.4096e-10	9.1685e-07	0.78876	0.58744
chr15	61765318	61765396	1.8705e-06	0.272417	8	4.0079e-14	9.0788e-11	0.6913	0.41888
chr15	61831365	61831601	2.9936e-08	0.284454	9	3.9635e-14	1.453e-12	0.74264	0.45818
chr15	61834610	61834620	1	0.111831	5	7.6032e-05	0.0018109	0.4557	0.34387
chr15	62066551	62066635	1	0.209492	5	3.9295e-07	0.00015075	0.55324	0.34375
chr15	62165337	62165738	2.6468e-06	0.133554	35	4.0745e-14	1.2847e-10	0.33785	0.20429
chr15	62166609	62166657	1	-0.122173	5	3.6231e-06	0.00047146	0.63056	0.75274
chr15	62185887	62185962	1	0.115765	5	8.5535e-06	0.00069046	0.92205	0.80628
chr15	62186744	62186845	3.1491e-05	0.129548	10	8.3422e-13	1.5285e-09	0.95231	0.82277
chr15	62239733	62239902	1	0.128316	7	1.2238e-06	0.0018077	0.84868	0.72036
chr15	62243207	62243321	1	-0.214206	5	1.6169e-07	5.3496e-05	0.34127	0.55547
chr15	62250927	62251228	0.65729	0.125215	7	1.9538e-07	3.1903e-05	0.90772	0.7825
chr15	62255859	62255990	1	0.111617	5	3.0688e-06	0.00034345	0.8777	0.76608
chr15	62306924	62307014	1	-0.152121	7	1.552e-06	0.0002444	0.19104	0.34316
chr15	62320775	62320898	1	0.111509	6	8.2341e-06	0.00020758	0.83434	0.72283
chr15	62561355	62561431	1.6349e-05	-0.231277	10	4.5186e-14	7.9354e-10	0.38245	0.61373
chr15	62569634	62569757	0.033247	-0.168978	6	1.0736e-09	1.6137e-06	0.18889	0.35787
chr15	62591784	62591985	1	0.123370	8	1.1743e-06	0.00021668	0.80621	0.68284
chr15	62599743	62599812	3.4699e-06	0.194783	5	2.875e-12	1.6842e-10	0.84271	0.64793
chr15	62697813	62697897	0.0018633	0.119333	8	6.487e-13	9.044e-08	0.91994	0.8006
chr15	62740209	62740351	0.11585	0.112976	11	9.8728e-11	5.6231e-06	0.84255	0.72957
chr15	62782682	62782738	0.00041742	-0.202751	8	1.1979e-13	2.026e-08	0.45945	0.6622
chr15	62792759	62792780	1	0.108203	5	1.3431e-05	0.0011274	0.9594	0.8512
chr15	62850621	62850816	1	0.107132	5	8.4205e-05	0.0025632	0.88891	0.78178
chr15	62884404	62884529	1	0.104142	5	2.857e-06	0.0040886	0.83011	0.72596
chr15	62902655	62902773	1	0.112702	5	2.3305e-05	0.0025759	0.84975	0.73705
chr15	62940873	62940966	4.1302e-07	0.193282	8	4.6518e-14	2.0047e-11	0.58254	0.38926
chr15	62951009	62951037	0.11485	0.140320	5	6.0205e-09	5.5742e-06	0.86323	0.72291
chr15	62953032	62953259	0.00024647	0.185878	20	5.0515e-14	1.1963e-08	0.50809	0.32221
chr15	62953279	62953304	0.12034	0.148744	9	5.06e-08	5.8409e-06	0.43529	0.28655
chr15	62953306	62953330	1	0.121224	5	0.00016285	0.0042314	0.56127	0.44005
chr15	62968885	62968999	1	0.124991	9	0.00013062	0.0026777	0.81279	0.68779
chr15	62978388	62978490	1	0.112036	6	1.3051e-06	0.00030877	0.79973	0.68769
chr15	63019909	63019971	1	0.150760	5	4.4675e-07	5.0758e-05	0.85647	0.70571
chr15	63039610	63039779	0.048449	0.175540	7	2.7107e-11	2.3515e-06	0.84422	0.66868
chr15	63045152	63045379	1	0.139496	5	9.3682e-06	0.0015116	0.56108	0.42158
chr15	63049833	63050134	1.1376e-12	-0.258678	10	4.4187e-14	5.5214e-17	0.35114	0.60981
chr15	63056992	63057058	0.78199	0.120261	10	6.0686e-07	3.7955e-05	0.59	0.46974
chr15	63108227	63108285	0.097828	-0.253827	5	9.3816e-10	4.7482e-06	0.32907	0.5829
chr15	63191746	63191807	0.0066078	0.207394	6	1.6293e-09	3.2072e-07	0.52601	0.31861
chr15	63212671	63212804	1.095e-07	0.365680	5	4.2188e-14	5.3149e-12	0.63953	0.27385
chr15	63362409	63362483	0.0001972	-0.168215	6	6.5728e-11	9.5715e-09	0.22342	0.39163
chr15	63380775	63381222	0.00030227	-0.172589	8	2.017e-11	1.4671e-08	0.27587	0.44846
chr15	63509366	63509432	1.9639e-06	-0.299212	6	4.9516e-14	9.5321e-11	0.24793	0.54715
chr15	63553385	63553528	0.013769	-0.186097	5	3.3625e-10	6.6829e-07	0.1768	0.3629
chr15	63594700	63594850	1	0.125621	6	1.3562e-07	8.0617e-05	0.74149	0.61587
chr15	63597432	63597556	0.0095388	-0.181727	9	2.0437e-12	4.6298e-07	0.316	0.49773
chr15	63677886	63678140	1.2279e-11	-0.276673	11	4.5741e-14	5.9598e-16	0.30753	0.5842
chr15	63998607	63998688	1	0.188120	5	6.3022e-08	0.00039445	0.39638	0.20826
chr15	64010838	64010914	0.0072487	0.227224	5	7.3326e-10	3.5183e-07	0.43447	0.20725
chr15	64045885	64045966	8.8174e-14	-0.275769	10	4.2966e-14	4.2797e-18	0.17014	0.44591
chr15	64045975	64046043	0.46725	-0.102966	6	1.9896e-07	2.2679e-05	0.073741	0.17671
chr15	64163784	64163890	9.8048e-10	0.248666	8	4.019e-14	4.7589e-14	0.50174	0.25307
chr15	64246969	64247052	9.724e-07	0.248723	8	4.5186e-14	4.7197e-11	0.62931	0.38058
chr15	64681703	64681803	5.3944e-08	-0.203850	9	4.1411e-14	2.6182e-12	0.47935	0.6832
chr15	64740680	64740762	1	-0.119472	5	0.0052405	0.08474	0.42295	0.54242
chr15	64813278	64813365	1	0.171083	5	8.0841e-05	0.010022	0.70902	0.53794
chr15	64840854	64840964	2.834e-07	-0.277640	5	5.3735e-14	1.3755e-11	0.21041	0.48805
chr15	64844803	64844946	3.538e-08	0.265227	8	4.0412e-14	1.7172e-12	0.50666	0.24144
chr15	64883446	64883608	0.095533	0.214849	5	4.4595e-10	4.6368e-06	0.74738	0.53254
chr15	64884109	64884207	0.00071847	0.236996	5	1.4717e-10	3.4872e-08	0.46389	0.22689
chr15	64894120	64894347	3.4405e-50	0.273861	31	4.6629e-14	1.6699e-54	0.35173	0.07787
chr15	64905805	64905864	1	0.125387	10	0.00029118	9.9724e-05	0.60808	0.48269
chr15	64912229	64912304	5.7846e-05	-0.293138	6	4.1833e-13	2.8076e-09	0.32958	0.62272
chr15	65045086	65045580	1.792e-12	-0.249150	13	4.2299e-14	8.6978e-17	0.27616	0.52531
chr15	65049977	65050375	8.2812e-08	0.282340	11	4.3743e-14	4.0194e-12	0.62976	0.34742
chr15	65070631	65070757	0.0071729	0.140843	7	1.0575e-08	3.4815e-07	0.85066	0.70982
chr15	65076210	65076431	6.8378e-09	0.289870	7	4.2188e-14	3.3189e-13	0.70636	0.41649
chr15	65076502	65076668	1	0.135350	8	1.0476e-05	0.00017272	0.84701	0.71166
chr15	65101000	65101116	1	-0.141340	5	5.6541e-06	0.0011967	0.65722	0.79856
chr15	65211427	65211552	1	0.101652	8	0.00042627	0.00071834	0.56463	0.46298
chr15	65300260	65300490	0.0010584	0.171598	9	2.9826e-10	5.1373e-08	0.76037	0.58877
chr15	65337329	65337469	1	0.112000	11	1.0334e-05	0.0042184	0.747	0.635
chr15	65356432	65356574	1	0.127285	10	0.0001276	0.040287	0.62258	0.49529
chr15	65378433	65378616	1	-0.147093	7	1.3382e-06	0.0017913	0.24299	0.39008
chr15	65385337	65385396	2.1872e-06	0.319371	5	4.8739e-14	1.0616e-10	0.48543	0.16606
chr15	65395751	65395860	1	0.148830	8	3.5359e-07	0.00019544	0.27657	0.12774
chr15	65409444	65409604	4.2788e-12	0.375138	6	4.674e-14	2.0768e-16	0.65609	0.28095
chr15	65531989	65532027	9.2759e-10	-0.284872	6	4.674e-14	4.5022e-14	0.39218	0.67706
chr15	65534370	65534523	0.413	-0.147266	8	5.2007e-09	2.0046e-05	0.44016	0.58743
chr15	65805529	65805682	0.15853	0.163396	5	5.6486e-08	7.6943e-06	0.71616	0.55276
chr15	65982566	65982598	1.8945e-05	0.200320	6	8.9373e-14	9.1952e-10	0.31171	0.11139
chr15	65993037	65993117	1	0.120202	7	6.5926e-07	6.8082e-05	0.83233	0.71213
chr15	66001431	66001499	1	0.165322	6	6.7959e-06	7.137e-05	0.53119	0.36587
chr15	66026261	66026412	0.0019129	0.171318	10	1.3167e-12	9.2845e-08	0.69976	0.52844
chr15	66039572	66039703	0.0034897	0.178024	9	3.5086e-12	1.6938e-07	0.61766	0.43964
chr15	66043818	66043882	0.27193	-0.197449	5	6.8399e-08	1.3199e-05	0.42666	0.6241
chr15	66080873	66081011	3.7141e-17	-0.238388	21	4.3077e-14	1.8027e-21	0.1564	0.39479
chr15	66106673	66106819	1	0.138598	5	0.00025413	0.031959	0.7198	0.5812
chr15	66114067	66114178	0.052807	0.141339	10	1.8118e-11	2.5631e-06	0.76423	0.62289
chr15	66127710	66127750	1	0.123937	5	7.6103e-07	7.8657e-05	0.9102	0.78626
chr15	66404773	66404836	1.2796e-08	0.253671	8	4.5852e-14	6.211e-13	0.85681	0.60314
chr15	66502828	66502899	1.9066e-08	0.206831	8	4.3299e-14	9.254e-13	0.74003	0.5332
chr15	66502976	66503102	1	0.107709	10	3.0352e-05	0.011421	0.61574	0.50803
chr15	66622833	66622990	0.015358	-0.206771	6	3.6242e-10	7.4541e-07	0.26226	0.46903
chr15	66707072	66707166	1	-0.120665	5	0.00036375	0.0043408	0.6097	0.73036
chr15	66707245	66707763	3.7537e-17	-0.271933	22	4.2188e-14	1.8219e-21	0.30264	0.57458
chr15	66720431	66720530	1	0.112575	8	0.0012057	0.034414	0.6861	0.57353
chr15	66740980	66741110	1.8004e-20	-0.312496	14	3.9635e-14	8.7383e-25	0.19165	0.50415
chr15	66803328	66803393	4.0147e-05	-0.222303	10	4.885e-14	1.9486e-09	0.19721	0.41951
chr15	66851565	66851632	1	-0.133449	5	1.1342e-06	0.00098162	0.15055	0.284
chr15	66853357	66853438	1	-0.105144	10	1.5247e-05	0.0012623	0.35197	0.45711
chr15	66908481	66908634	0.00098457	0.254846	5	1.378e-11	4.7788e-08	0.54687	0.29203
chr15	66911931	66912210	0.22228	0.180051	7	2.8659e-06	1.0789e-05	0.6184	0.43835
chr15	66943987	66944064	0.53036	-0.194923	5	6.8814e-07	2.5742e-05	0.34964	0.54457
chr15	67048084	67048168	1	-0.186059	6	3.1687e-08	5.8491e-05	0.50264	0.6887
chr15	67062121	67062202	0.013694	-0.195489	5	2.3874e-08	6.6465e-07	0.21174	0.40723
chr15	67063881	67064359	2.9239e-07	-0.134162	32	4.341e-14	1.4191e-11	0.29046	0.42462
chr15	67064485	67064671	1.9559e-09	-0.228713	18	4.2855e-14	9.4932e-14	0.26393	0.49265
chr15	67069434	67069558	1	-0.154797	5	0.00086791	0.022806	0.44912	0.60391
chr15	67091328	67091484	1.0952e-17	0.327558	12	4.6074e-14	5.3156e-22	0.58967	0.26211
chr15	67104038	67104226	5.2315e-06	0.200988	7	8.5043e-14	2.5392e-10	0.88293	0.68194
chr15	67125914	67126059	1	0.103753	7	0.0016261	0.035926	0.64451	0.54076
chr15	67147198	67147307	1	-0.129244	6	1.8935e-06	0.0016903	0.19323	0.32247
chr15	67522430	67522588	1.0523e-06	-0.126953	9	4.563e-14	5.1073e-11	0.11	0.23695
chr15	67549064	67549208	1	-0.143824	7	2.306e-06	0.00019965	0.35541	0.49923
chr15	67762954	67763090	0.023574	0.196526	5	7.7996e-10	1.1442e-06	0.71079	0.51427
chr15	67782849	67782973	1	0.189207	5	3.4542e-07	0.00077438	0.73482	0.54561
chr15	67860497	67860548	0.0025726	0.196223	6	1.7186e-12	1.2486e-07	0.80364	0.60742
chr15	67863980	67864082	0.0023475	-0.162887	10	9.0615e-12	1.1394e-07	0.36725	0.53013
chr15	67915754	67915874	6.2112e-11	-0.244126	10	4.0856e-14	3.0147e-15	0.20585	0.44998
chr15	67927929	67928032	5.146e-06	-0.179770	8	4.4298e-14	2.4977e-10	0.37077	0.55054
chr15	67967948	67967986	1	-0.116526	5	0.00035702	0.0024534	0.49707	0.6136
chr15	68188278	68188413	1	-0.190693	5	6.3022e-08	9.9265e-05	0.46494	0.65564
chr15	68305484	68305519	1	-0.140819	6	9.4582e-06	0.0023404	0.48114	0.62196
chr15	68385684	68385772	1	0.109970	5	2.9259e-06	0.00018432	0.8825	0.77253
chr15	68390587	68390703	1.2328e-06	0.327912	5	5.4068e-14	5.9838e-11	0.61441	0.2865
chr15	68485739	68485800	0.51944	0.122101	5	5.4792e-07	2.5212e-05	0.84967	0.72757
chr15	68504782	68504939	1	0.107958	5	0.0024321	0.010152	0.50299	0.39503
chr15	68629392	68629444	0.13714	0.178982	6	2.1571e-08	6.6565e-06	0.77379	0.59481
chr15	68666194	68666330	1	0.202369	5	1.0529e-06	4.9086e-05	0.71355	0.51118
chr15	68796876	68796943	1	0.140359	5	1.3152e-06	0.0001723	0.89709	0.75673
chr15	68833925	68834065	1	0.110147	8	1.4774e-05	0.0028685	0.74344	0.63329
chr15	68974828	68974961	0.006327	0.143593	7	6.0173e-11	3.0709e-07	0.85502	0.71142
chr15	68975801	68975939	0.13772	0.114312	11	1.9362e-09	6.6843e-06	0.89684	0.78253
chr15	69026363	69026541	1	0.122353	5	4.1585e-05	0.0032521	0.84774	0.72538
chr15	69154678	69154801	1.8251e-05	0.296630	6	4.4631e-14	8.8582e-10	0.75044	0.45381
chr15	69314430	69314442	4.8321e-07	-0.295034	5	4.5519e-14	2.3454e-11	0.36108	0.65611
chr15	69320958	69321098	0.21771	0.210530	5	1.0835e-07	1.0567e-05	0.67927	0.46874
chr15	69447793	69447924	0.0061122	-0.200979	5	2.5068e-12	2.9666e-07	0.69393	0.89491
chr15	69451960	69452353	2.6863e-37	0.230358	34	3.8192e-14	1.3038e-41	0.50864	0.27829
chr15	69452473	69452536	0.00014705	0.115920	12	3.7845e-12	7.1373e-09	0.25254	0.13662
chr15	69462228	69462271	1	-0.115107	6	0.00053144	0.013986	0.28057	0.39567
chr15	69462366	69462422	1	-0.120142	9	2.9847e-07	0.00015583	0.20023	0.32037
chr15	69463377	69463440	0.46653	-0.158203	5	1.2782e-08	2.2644e-05	0.15173	0.30994
chr15	69468582	69468661	0.76142	-0.118463	9	4.1865e-10	3.6957e-05	0.15004	0.2685
chr15	69557411	69557554	0.1078	-0.185728	5	8.7332e-08	5.2325e-06	0.34207	0.5278
chr15	69561170	69561802	3.7176e-22	-0.216390	28	4.4964e-14	1.8044e-26	0.28027	0.49666
chr15	69566595	69566676	1	0.129883	5	8.5535e-06	0.0001514	0.92338	0.7935
chr15	69568375	69568458	1	0.145560	6	2.2805e-05	0.010323	0.80687	0.66131
chr15	69574883	69574950	0.37826	0.156162	5	2.6714e-08	1.836e-05	0.81376	0.6576
chr15	69794780	69794872	0.1064	0.139147	7	2.5849e-08	5.1644e-06	0.84536	0.70622
chr15	69808962	69809130	1	0.145742	5	1.1481e-05	0.0087919	0.8016	0.65586
chr15	69854754	69854848	1	0.199446	5	1.2215e-06	7.4573e-05	0.58609	0.38665
chr15	69862191	69862341	1	0.124515	5	0.0085291	0.035721	0.61671	0.4922
chr15	69980015	69980041	0.02155	0.173343	5	7.3326e-10	1.046e-06	0.83337	0.66003
chr15	70023569	70023645	9.3518e-05	0.212599	7	1.6298e-13	4.5391e-09	0.74918	0.53658
chr15	70024705	70024758	1	-0.123236	5	0.00096404	0.067444	0.52378	0.64701
chr15	70035950	70036007	6.5155e-10	0.251800	10	4.5963e-14	3.1624e-14	0.7747	0.5229
chr15	70047711	70047810	0.092111	0.130887	8	1.8026e-08	4.4707e-06	0.84148	0.71059
chr15	70062283	70062379	1	-0.129875	5	0.0017219	0.0092354	0.59678	0.72665
chr15	70062394	70062584	2.2484e-27	-0.339892	17	4.9183e-14	1.0913e-31	0.18936	0.52925
chr15	70063269	70063326	1	-0.120490	5	7.2881e-06	0.00028396	0.78089	0.90138
chr15	70072011	70072087	0.00031642	0.111946	9	5.551e-11	1.5358e-08	0.93745	0.82551
chr15	70091876	70091894	0.0067503	-0.146524	8	4.0586e-09	3.2764e-07	0.69902	0.84554
chr15	70094877	70095032	1	-0.105062	7	8.0202e-05	0.0033438	0.21459	0.31965
chr15	70121809	70121909	0.00087399	-0.263817	5	2.9728e-11	4.242e-08	0.23531	0.49913
chr15	70196713	70196866	1.3304e-13	0.240206	14	4.3743e-14	6.4575e-18	0.7124	0.4722
chr15	70236418	70236535	3.8049e-05	0.262952	6	7.2609e-14	1.8468e-09	0.72357	0.46062
chr15	70322350	70322573	3.8319e-07	0.223221	8	4.0967e-14	1.8599e-11	0.78101	0.55779
chr15	70407286	70407298	0.041454	-0.228554	5	7.1095e-10	2.012e-06	0.39769	0.62624
chr15	70420729	70420772	1	-0.124766	5	0.0013836	0.0023739	0.57797	0.70273
chr15	70452191	70452198	1	-0.125962	5	0.00098099	0.0027619	0.26627	0.39224
chr15	70474770	70474903	1.3901e-05	0.167964	17	6.6058e-14	6.7473e-10	0.64338	0.47542
chr15	70474917	70475362	1.3162e-27	0.244531	28	3.8303e-14	6.3883e-32	0.59099	0.34646
chr15	70535757	70535821	2.1447e-12	0.307910	8	4.6518e-14	1.041e-16	0.62372	0.31581
chr15	70604818	70604907	1	0.111241	9	3.3235e-07	7.9837e-05	0.76289	0.65165
chr15	70632051	70632166	1	0.197065	6	1.4707e-07	6.6759e-05	0.76949	0.57242
chr15	70762226	70762406	0.021782	-0.114342	7	1.6822e-09	1.0572e-06	0.16519	0.27953
chr15	70799876	70799968	1	0.106301	5	0.00017957	0.0054103	0.66478	0.55848
chr15	71117357	71117534	1	-0.104055	5	0.01283	0.048706	0.43161	0.53566
chr15	71125605	71125645	0.0024664	-0.211591	5	7.4645e-11	1.1971e-07	0.31455	0.52615
chr15	71186925	71187080	0.2544	0.149621	8	9.85e-10	1.2348e-05	0.82177	0.67215
chr15	71204205	71204358	1	0.110266	5	0.00026909	0.025497	0.64921	0.53894
chr15	71211819	71211932	1	0.133020	8	2.1391e-07	0.00034255	0.80129	0.66827
chr15	71226842	71226973	1	0.104324	5	9.3203e-05	0.00032709	0.90023	0.7959
chr15	71227752	71227804	5.0142e-05	0.151607	8	5.0182e-14	2.4337e-09	0.91541	0.7638
chr15	71239676	71239728	1	0.181709	5	5.5782e-05	0.00073358	0.79603	0.61432
chr15	71353724	71353905	1	0.101682	7	0.00022736	0.0024629	0.75362	0.65194
chr15	71387130	71387203	0.11661	0.197153	7	2.2515e-09	5.6597e-06	0.50376	0.3066
chr15	71448485	71448630	1	0.108460	5	0.005736	0.01012	0.65735	0.54889
chr15	71484509	71484637	1	0.103482	5	0.00050708	0.00043162	0.79205	0.68857
chr15	71512396	71512445	1.3709e-11	-0.295580	8	4.2522e-14	6.6539e-16	0.18325	0.47883
chr15	71515455	71515499	0.00033849	-0.239905	5	4.9768e-12	1.6429e-08	0.33696	0.57686
chr15	71526151	71526443	1	0.105176	9	6.3791e-06	0.00074555	0.25184	0.14666
chr15	71547754	71547810	1	0.142073	6	1.7171e-05	0.0051819	0.85848	0.7164
chr15	71747498	71747589	3.1391e-08	-0.234158	8	4.452e-14	1.5236e-12	0.31274	0.54689
chr15	71752860	71753055	0.014119	-0.169131	12	5.0923e-08	6.8527e-07	0.26437	0.4335
chr15	71792235	71792426	0.0061623	0.103533	9	2.7934e-10	2.991e-07	0.89971	0.79618
chr15	71802921	71802962	0.00041041	0.233442	6	8.0158e-11	1.992e-08	0.79571	0.56227
chr15	71810533	71810550	2.7778e-07	-0.309435	5	9.2926e-14	1.3482e-11	0.33481	0.64424
chr15	72155524	72155681	1.938e-06	-0.236865	8	4.4853e-14	9.4066e-11	0.17789	0.41476
chr15	72184728	72184792	1	-0.129654	5	2.9565e-05	0.0018421	0.21292	0.34257
chr15	72228229	72228463	2.0709e-20	0.366206	14	4.3854e-14	1.0051e-24	0.58214	0.21594
chr15	72273051	72273074	0.003412	0.167101	5	1.6729e-10	1.6561e-07	0.27877	0.11167
chr15	72286252	72286301	1	0.109188	9	2.928e-06	0.00031344	0.80369	0.6945
chr15	72398298	72398393	0.011862	0.217494	5	2.4034e-09	5.7576e-07	0.67236	0.45487
chr15	72751651	72751826	1	0.126943	6	8.5251e-06	0.00013737	0.84539	0.71844
chr15	72758192	72758356	1	0.124526	5	0.00055538	0.0087169	0.83332	0.7088
chr15	72784596	72784706	0.0057586	-0.235736	5	2.4516e-10	2.795e-07	0.31504	0.55077
chr15	72902746	72902846	0.0449	0.136545	14	3.4296e-09	2.1793e-06	0.3963	0.25976
chr15	72992772	72992975	1	-0.129842	5	0.0011465	0.0011171	0.32506	0.4549
chr15	73055629	73055697	1	-0.158465	5	8.7506e-06	0.00037213	0.4918	0.65026
chr15	73318833	73318939	1	0.130297	10	5.3027e-07	7.5255e-05	0.28029	0.14999
chr15	73321499	73321595	1	0.103853	8	1.8999e-05	0.00090857	0.84974	0.74589
chr15	73326232	73326353	1	0.162017	7	8.7254e-06	0.001587	0.477	0.31498
chr15	73354083	73354201	1	0.125276	5	0.00038465	0.012837	0.70154	0.57626
chr15	73362875	73362962	1	0.142357	5	2.8319e-05	0.0010976	0.79432	0.65197
chr15	73363763	73363808	0.074207	0.191086	6	1.3697e-08	3.6018e-06	0.71742	0.52634
chr15	73774872	73774926	1	0.136903	8	2.1752e-06	0.0013442	0.75939	0.62248
chr15	73926438	73926642	0.00059739	-0.107700	16	8.3378e-14	2.8995e-08	0.10633	0.21403
chr15	73937329	73937513	0.0087179	0.102297	15	3.3196e-09	4.2314e-07	0.81362	0.71133
chr15	73951394	73951467	7.2491e-06	0.207786	9	4.6407e-14	3.5185e-10	0.40931	0.20152
chr15	73974630	73974698	9.8763e-08	0.149415	14	4.7073e-14	4.7936e-12	0.83981	0.6904
chr15	73974727	73974940	1.7957e-30	0.301188	23	3.7081e-14	8.7156e-35	0.8041	0.50291
chr15	73983198	73983372	0.052711	0.216774	7	7.9296e-11	2.5584e-06	0.5819	0.36513
chr15	73997244	73997287	0.0027732	0.171928	5	1.175e-10	1.346e-07	0.27098	0.099048
chr15	73999493	73999591	1	0.129032	5	0.0017219	0.034722	0.65842	0.52938
chr15	74124924	74124974	1	-0.103260	6	0.00039062	0.015633	0.52999	0.63325
chr15	74129568	74129615	1	0.101517	5	0.0017508	0.031258	0.17442	0.072901
chr15	74133241	74133933	0.0038781	0.107665	32	6.0951e-14	1.8823e-07	0.26136	0.15369
chr15	74179553	74179698	0.25881	-0.151476	9	1.5291e-08	1.2562e-05	0.20483	0.3563
chr15	74202440	74202778	1	0.102516	9	0.0031527	0.027305	0.65485	0.55233
chr15	74209194	74209444	1	0.114006	8	5.4902e-06	0.0012649	0.69496	0.58095
chr15	74242320	74242377	1	0.125791	6	9.2961e-06	0.00011766	0.72924	0.60345
chr15	74265067	74265197	1	0.125772	5	0.0015313	0.055747	0.47798	0.35221
chr15	74291170	74291249	0.82228	0.144823	5	8.5001e-08	3.9911e-05	0.26149	0.11666
chr15	74300215	74300398	1.8957e-19	0.253173	21	3.9968e-14	9.2013e-24	0.59046	0.33728
chr15	74300426	74300549	0.0023944	0.154490	15	1.0806e-12	1.1622e-07	0.70818	0.55369
chr15	74422740	74422870	5.2426e-16	0.337664	10	4.7073e-14	2.5446e-20	0.78587	0.44821
chr15	74434179	74434274	4.0021e-10	0.209759	11	4.563e-14	1.9425e-14	0.33676	0.127
chr15	74543698	74543758	1	0.159270	5	0.00010105	0.010409	0.35934	0.20007
chr15	74599088	74599163	0.2032	-0.193004	5	3.3378e-09	9.8629e-06	0.36061	0.55361
chr15	74726770	74726786	0.058076	-0.146044	5	1.0935e-09	2.8188e-06	0.14469	0.29073
chr15	74748808	74749089	0.23123	0.108310	8	6.8497e-08	1.1223e-05	0.89837	0.79006
chr15	74785281	74785388	0.00088268	0.245664	7	4.5997e-13	4.2842e-08	0.69931	0.45364
chr15	74789203	74789276	0.17227	0.108884	5	8.0517e-08	8.3613e-06	0.14754	0.038655
chr15	74831021	74831167	0.0026332	-0.172021	10	2.7728e-11	1.2781e-07	0.5149	0.68692
chr15	74854107	74854375	0.0091789	0.118958	11	1.7669e-11	4.4552e-07	0.84938	0.73042
chr15	74890544	74890594	1	-0.118198	5	0.0001761	0.0033801	0.15987	0.27807
chr15	75108517	75108676	1.014e-09	0.340811	8	4.0856e-14	4.9216e-14	0.6656	0.32478
chr15	75178371	75178437	1	0.134031	5	0.00021798	0.0098319	0.28934	0.15531
chr15	75333748	75333866	4.8191e-06	0.241521	6	3.8641e-12	2.339e-10	0.75501	0.51349
chr15	75349172	75349235	1	-0.151478	7	0.00027351	0.01459	0.44456	0.59604
chr15	75350749	75350837	1	0.134647	5	0.011645	0.12417	0.62188	0.48723
chr15	75573262	75573384	1	0.110747	5	0.0055663	0.0067097	0.59601	0.48526
chr15	75620582	75620681	1	0.114120	6	0.00011373	0.0093447	0.28483	0.17071
chr15	75694021	75694240	2.1183e-05	0.263685	5	2.2783e-11	1.0282e-09	0.53058	0.2669
chr15	75739154	75739352	0.00059616	0.165050	19	4.4631e-14	2.8936e-08	0.51065	0.3456
chr15	75903110	75903208	1	-0.190427	5	1.6398e-06	0.00012051	0.49928	0.68971
chr15	75922195	75922286	1.6755e-10	-0.328828	6	4.1855e-14	8.1325e-15	0.24436	0.57319
chr15	76136715	76136966	0.00014867	0.129130	11	5.5733e-14	7.2158e-09	0.85628	0.72715
chr15	76163499	76163590	1	-0.159753	9	1.8906e-08	6.0265e-05	0.30165	0.4614
chr15	76343233	76343418	0.39805	0.116588	14	3.3355e-10	1.932e-05	0.24403	0.12744
chr15	76863087	76863295	1	-0.178516	5	4.7189e-05	0.0002103	0.50771	0.68622
chr15	76865678	76865811	0.02351	0.138059	5	1.9047e-08	1.1411e-06	0.87636	0.7383
chr15	76928249	76928373	0.00026051	-0.202371	5	3.6266e-11	1.2644e-08	0.48893	0.6913
chr15	76932522	76932729	1	-0.114010	5	6.4497e-05	0.00064133	0.13172	0.24573
chr15	76973515	76973644	1	0.167201	6	6.0649e-09	8.3619e-05	0.30519	0.13799
chr15	76994588	76995050	0.53803	0.183653	11	3.1895e-07	2.6114e-05	0.69336	0.50971
chr15	76995421	76995565	1.1141e-08	0.244616	12	4.5186e-14	5.4074e-13	0.48344	0.23883
chr15	77108133	77108326	1	-0.112306	5	0.019452	0.079247	0.49682	0.60912
chr15	77163874	77163968	1.0409e-05	0.161711	10	4.4076e-14	5.0523e-10	0.869	0.70729
chr15	77226539	77226881	0.0015703	-0.207162	6	2.407e-11	7.6215e-08	0.32583	0.53299
chr15	77508294	77508397	0.14261	0.182484	8	3.8842e-09	6.9218e-06	0.76083	0.57835
chr15	77557362	77557499	1	-0.176339	6	2.3966e-05	0.00036277	0.45252	0.62886
chr15	77565565	77565606	1	-0.110374	5	0.00029585	0.0029434	0.57977	0.69015
chr15	77604729	77605016	9.9513e-09	0.193260	17	4.6074e-14	4.83e-13	0.46336	0.2701
chr15	77608445	77608528	1	0.130576	5	4.4675e-07	0.00029516	0.821	0.69042
chr15	77696464	77696583	6.1369e-06	-0.245533	8	5.4068e-14	2.9786e-10	0.26158	0.50712
chr15	77722932	77723064	1	0.138987	5	0.0019024	0.036823	0.74263	0.60364
chr15	77841225	77841298	0.051408	0.203920	5	3.4352e-08	2.4952e-06	0.63582	0.4319
chr15	77894180	77894348	2.029e-19	-0.160782	40	4.2966e-14	9.8482e-24	0.16714	0.32793
chr15	77894454	77894490	1	-0.191931	6	1.9288e-06	0.0010674	0.31772	0.50965
chr15	77902137	77902195	1	0.112485	7	0.00059232	0.0048188	0.71945	0.60697
chr15	77984006	77984087	4.0375e-07	-0.256058	8	4.2966e-14	1.9597e-11	0.20032	0.45638
chr15	77994145	77994272	0.0013031	0.192791	8	1.4964e-11	6.3246e-08	0.38135	0.18856
chr15	77994340	77994395	0.84438	0.152737	5	6.3794e-07	4.0983e-05	0.86824	0.71551
chr15	77999880	78000378	3.2267e-06	-0.123409	30	1.702e-13	1.5661e-10	0.32076	0.44417
chr15	78032099	78032201	1	0.100642	5	0.0054012	0.0054047	0.66639	0.56575
chr15	78034631	78034722	3.1675e-17	0.293694	12	4.3077e-14	1.5374e-21	0.40768	0.11399
chr15	78076874	78076954	0.9348	-0.125773	5	4.3743e-06	4.5372e-05	0.17152	0.29729
chr15	78234415	78235119	2.6188e-06	0.129071	23	4.0745e-14	1.2711e-10	0.82424	0.69516
chr15	78245385	78245466	1	0.133923	7	4.1582e-06	0.00066873	0.78194	0.64802
chr15	78246377	78246407	1	0.124922	5	0.00047129	0.0092971	0.8412	0.71627
chr15	78316652	78316687	0.0040423	-0.271798	5	3.2582e-10	1.962e-07	0.15543	0.42722
chr15	78339733	78339768	3.0381e-11	0.217725	14	4.4964e-14	1.4746e-15	0.42816	0.21044
chr15	78341743	78341849	1	-0.111120	5	0.0030939	0.032448	0.30932	0.42044
chr15	78415340	78415450	0.0012086	-0.237750	6	3.9735e-13	5.8661e-08	0.27056	0.50831
chr15	78455884	78456025	1	-0.159625	5	0.00054539	0.00016445	0.46198	0.6216
chr15	78509838	78510036	1	0.117025	5	0.0045	0.023704	0.54674	0.42972
chr15	78564526	78564869	1.5693e-05	0.133092	24	4.3521e-14	7.6168e-10	0.68178	0.54868
chr15	78602154	78602240	0.0019151	0.102298	8	3.4724e-11	9.2955e-08	0.94445	0.84215
chr15	78625219	78625288	1	0.116748	5	0.00061898	0.0040085	0.77525	0.6585
chr15	78685709	78685886	1	0.114143	8	2.436e-05	0.00075115	0.51745	0.4033
chr15	78757218	78757360	1.1154e-09	0.320159	8	4.4187e-14	5.4137e-14	0.46756	0.1474
chr15	78847778	78848017	1	0.127749	13	7.3344e-08	9.4182e-05	0.82724	0.69949
chr15	78872261	78872489	1	0.131622	15	4.3283e-06	0.0051242	0.57223	0.44061
chr15	78906199	78906260	1	0.111052	6	4.3097e-05	0.020609	0.81187	0.70082
chr15	79004799	79004868	1	0.105395	5	0.002903	0.053407	0.34241	0.23701
chr15	79035951	79035988	0.009312	0.184293	6	1.1758e-08	4.5197e-07	0.61843	0.43414
chr15	79065730	79065787	1	-0.124053	6	0.00018398	0.0037261	0.50237	0.62642
chr15	79090541	79090716	1	0.104955	5	0.00018671	0.0008586	0.20209	0.09714
chr15	79179142	79179339	0.021141	-0.161864	10	2.296e-11	1.0261e-06	0.28668	0.44854
chr15	79208710	79208829	1	0.108963	5	1.6002e-06	6.3771e-05	0.91289	0.80393
chr15	79282951	79283050	0.41951	0.137728	11	3.395e-10	2.0361e-05	0.3612	0.22347
chr15	79283210	79283293	1	0.138975	13	3.0605e-06	0.001039	0.48201	0.34303
chr15	79310447	79310527	1	-0.144442	5	7.1495e-05	0.001891	0.32254	0.46698
chr15	79429578	79429686	1	0.126056	5	9.3682e-06	0.0010051	0.8937	0.76765
chr15	79430389	79430813	1	0.185307	5	1.6169e-07	0.00010606	0.47171	0.2864
chr15	79559218	79559296	0.027304	0.129627	7	8.5788e-08	1.3252e-06	0.83128	0.70165
chr15	79680838	79680871	1	0.162915	5	1.2281e-05	0.0027929	0.52486	0.36194
chr15	79954351	79954478	1	0.131133	5	2.2803e-05	0.0010187	0.86061	0.72947
chr15	79970707	79970931	6.5317e-13	0.277978	12	4.2077e-14	3.1703e-17	0.69103	0.41305
chr15	80017412	80017826	2.5262e-09	0.210357	14	4.5408e-14	1.2261e-13	0.74578	0.53542
chr15	80154059	80154260	1	0.170292	5	4.7021e-07	8.0695e-05	0.68344	0.51314
chr15	80251136	80251384	3.3416e-07	-0.155276	19	4.6851e-14	1.6219e-11	0.45751	0.61278
chr15	80395623	80395753	1	0.121685	5	0.00011173	0.0090459	0.82946	0.70778
chr15	80403418	80403566	1	0.112763	5	9.5109e-05	0.00051249	0.89622	0.78346
chr15	80408418	80408615	1	0.101644	5	0.0001761	0.0041748	0.87388	0.77223
chr15	80436661	80436848	1	0.136541	5	4.9211e-05	0.0011372	0.71867	0.58213
chr15	80473492	80473597	1	0.216073	5	3.734e-08	5.7971e-05	0.7285	0.51243
chr15	80531846	80532069	6.6768e-05	0.225987	12	4.5852e-14	3.2407e-09	0.75041	0.52443
chr15	80573788	80573919	2.4045e-07	-0.246413	7	4.5963e-14	1.1671e-11	0.27732	0.52374
chr15	80693981	80694067	0.40865	-0.160707	7	6.5464e-10	1.9834e-05	0.42232	0.58302
chr15	80743328	80743451	4.2579e-08	-0.258786	7	4.5186e-14	2.0666e-12	0.3053	0.56409
chr15	80777996	80778433	1	0.129078	5	0.010708	0.24551	0.6671	0.53802
chr15	80778509	80778533	1	-0.132827	5	7.1495e-05	0.0024152	0.58084	0.71367
chr15	80842137	80842238	1	0.121066	5	2.0444e-05	0.00024396	0.87964	0.75857
chr15	80870811	80870942	1	0.103086	5	0.00065327	0.02604	0.83133	0.72824
chr15	80905238	80905433	1	0.100345	7	1.5646e-05	0.002339	0.83715	0.7368
chr15	80977681	80977781	1	-0.197181	5	1.535e-05	0.00033767	0.22344	0.42062
chr15	81023871	81024038	9.2322e-09	0.398772	5	4.1855e-14	4.481e-13	0.69288	0.29411
chr15	81098988	81099012	0.007893	0.215328	5	3.3625e-10	3.831e-07	0.38409	0.16876
chr15	81099341	81099402	1	0.168284	5	0.00021382	0.0011798	0.36851	0.20022
chr15	81183228	81183358	1	0.103579	5	0.00025903	0.014599	0.29902	0.19544
chr15	81296837	81297021	3.9678e-32	0.342586	17	4.0301e-14	1.9258e-36	0.58349	0.2409
chr15	81331043	81331366	3.9071e-09	0.202480	16	4.6851e-14	1.8964e-13	0.84522	0.64274
chr15	81375096	81375429	1	0.119674	5	1.5745e-07	8.7945e-05	0.88493	0.76526
chr15	81414837	81414990	2.5728e-14	0.320766	8	4.1189e-14	1.2487e-18	0.67923	0.35846
chr15	81911737	81911818	1	0.120534	7	0.00016962	0.0027296	0.79643	0.67589
chr15	81948793	81948836	0.064344	0.154466	5	1.3536e-08	3.123e-06	0.7805	0.62604
chr15	82039596	82039676	1	0.137103	5	1.0731e-05	0.0038939	0.86099	0.72388
chr15	82048163	82048231	0.21484	-0.214451	5	1.3422e-07	1.0428e-05	0.44177	0.65622
chr15	82282181	82282419	1	0.100996	9	0.00010014	0.001994	0.83762	0.73662
chr15	82646234	82646269	1	0.164682	5	2.4638e-07	0.00017568	0.33618	0.1715
chr15	82648549	82648661	1	-0.148332	10	1.7977e-08	0.00027563	0.2779	0.42624
chr15	82648743	82648786	1	-0.193681	5	2.881e-07	0.00030748	0.2932	0.48688
chr15	82648786	82648808	1	-0.102482	5	0.016599	0.15205	0.39519	0.49767
chr15	82805973	82806361	0.0050867	0.190181	5	7.4645e-11	2.4689e-07	0.73427	0.54409
chr15	82808855	82808960	1	-0.127392	7	0.00026424	0.017454	0.45966	0.58705
chr15	82832861	82833083	1.0399e-09	0.331249	8	4.5075e-14	5.0473e-14	0.77235	0.4411
chr15	82849578	82849688	3.2121e-06	-0.136125	13	4.4631e-14	1.5591e-10	0.087031	0.22316
chr15	82985711	82985788	5.0023e-06	0.146436	8	4.4187e-14	2.4279e-10	0.2451	0.098668
chr15	83012053	83012284	0.00033279	0.172424	15	8.8485e-14	1.6153e-08	0.41994	0.24752
chr15	83108188	83108315	0.0053457	0.160874	10	4.17e-10	2.5946e-07	0.37814	0.21727
chr15	83108329	83108397	6.765e-20	0.333213	10	5.1403e-14	3.2835e-24	0.58965	0.25643
chr15	83113050	83113183	1	-0.132179	5	0.00022222	0.00073533	0.22792	0.3601
chr15	83281019	83281129	1	0.104155	5	0.00015053	0.018067	0.90958	0.80543
chr15	83283806	83283830	0.062279	0.117493	7	1.8676e-10	3.0228e-06	0.1848	0.067304
chr15	83285396	83285550	0.17064	0.138537	18	5.0337e-11	8.2825e-06	0.52329	0.38475
chr15	83654983	83655190	1	0.115499	5	0.0087778	0.048154	0.32099	0.20549
chr15	84079554	84079727	1	-0.153122	5	0.0023164	0.0061959	0.37986	0.53299
chr15	84080689	84080705	0.0015536	0.103306	10	3.573e-12	7.5405e-08	0.22124	0.11793
chr15	84599934	84600046	0.017517	-0.169682	10	5.1073e-09	8.5019e-07	0.43338	0.60307
chr15	84606865	84606951	1.4938e-07	-0.266418	9	4.5297e-14	7.2506e-12	0.29928	0.56569
chr15	84657836	84657920	1	-0.122818	7	1.4413e-06	0.00015065	0.19658	0.3194
chr15	84816892	84816986	1	-0.113190	6	1.1625e-05	0.00015133	0.7025	0.81569
chr15	84817009	84817121	0.25279	-0.158147	7	8.535e-07	1.227e-05	0.26026	0.41841
chr15	84818713	84818738	1	-0.122118	5	0.00058638	0.0075848	0.61426	0.73637
chr15	84883639	84883685	1	-0.133360	5	3.2215e-05	0.00037749	0.47317	0.60653
chr15	84884431	84884513	1	-0.154251	5	0.00020572	0.0074336	0.45384	0.60809
chr15	84977062	84977112	1.5891e-09	0.269694	6	4.4853e-14	7.7127e-14	0.90277	0.63307
chr15	84979939	84980002	0.1166	-0.254044	5	2.9056e-08	5.6592e-06	0.18976	0.44381
chr15	84983012	84983077	6.8972e-05	-0.240338	6	4.402e-13	3.3476e-09	0.22466	0.46499
chr15	85001195	85001271	0.0032821	-0.208055	5	4.3221e-10	1.593e-07	0.43299	0.64105
chr15	85031382	85031431	0.07401	-0.229114	6	2.0334e-10	3.5922e-06	0.49081	0.71992
chr15	85073185	85073346	1	0.116249	5	3.6231e-06	0.00065215	0.89406	0.77781
chr15	85253101	85253265	1	0.104779	5	0.002393	0.01209	0.88937	0.78459
chr15	85413674	85413811	3.0239e-09	0.184921	11	4.2855e-14	1.4677e-13	0.27537	0.09045
chr15	85421744	85421908	0.44193	-0.204779	5	1.9594e-08	2.145e-05	0.46344	0.66822
chr15	85543429	85543539	0.28021	-0.194857	5	3.1597e-08	1.36e-05	0.32644	0.5213
chr15	85555372	85555470	4.7534e-15	0.304175	7	4.1078e-14	2.3071e-19	0.70825	0.40408
chr15	85588834	85588961	0.2664	-0.197934	6	1.3233e-09	1.293e-05	0.27156	0.4695
chr15	85619178	85619278	0.00010601	0.259736	5	5.792e-13	5.1455e-09	0.57603	0.31629
chr15	85625694	85625809	1	0.125612	5	0.00060793	0.0023337	0.73848	0.61287
chr15	85649513	85649627	1	0.116448	7	0.0016593	0.026116	0.35797	0.24152
chr15	85689932	85690049	8.147e-20	0.290952	15	3.7637e-14	3.9543e-24	0.47067	0.17972
chr15	85702440	85702531	6.4324e-10	0.269783	12	4.5408e-14	3.1221e-14	0.57493	0.30515
chr15	85707138	85707226	0.0010171	0.165675	6	3.7119e-10	4.9365e-08	0.24063	0.074953
chr15	85771970	85772012	1	0.121337	5	4.6927e-06	0.00015292	0.79301	0.67167
chr15	86040902	86041019	1	0.129125	6	0.0001265	0.00010752	0.78882	0.6597
chr15	86089652	86089726	1	0.102857	5	0.0034017	0.045616	0.46143	0.35857
chr15	86262278	86262455	1	-0.153458	9	1.7826e-08	0.00011574	0.48171	0.63517
chr15	86407819	86407991	1	0.105159	5	8.0841e-05	0.0024285	0.76837	0.66321
chr15	86527557	86527710	1	0.102737	8	4.2575e-06	0.00046663	0.83028	0.72754
chr15	87546568	87546681	0.0002107	0.136918	9	1.7231e-13	1.0227e-08	0.87511	0.7382
chr15	88258233	88258317	1	0.114376	8	9.4717e-06	0.0014212	0.34467	0.23029
chr15	88610826	88610966	0.012856	0.204780	8	2.2937e-13	6.2401e-07	0.47633	0.27155
chr15	88614580	88614664	0.00017572	-0.121129	11	1.0427e-11	8.5286e-09	0.1606	0.28173
chr15	88635500	88635684	2.9134e-25	0.342965	12	4.9183e-14	1.414e-29	0.57719	0.23423
chr15	88649604	88649726	7.4632e-06	0.255198	8	4.452e-14	3.6224e-10	0.51865	0.26345
chr15	88739330	88739390	0.2696	0.109422	6	1.4942e-08	1.3086e-05	0.88085	0.77143
chr15	88939118	88939222	0.015747	0.198621	8	2.0986e-10	7.643e-07	0.83983	0.64121
chr15	88987815	88987846	0.13806	0.209823	5	3.6487e-09	6.7009e-06	0.68236	0.47254
chr15	89030958	89031061	1	0.167118	5	6.3177e-05	0.00069058	0.91707	0.74995
chr15	89089114	89089197	1	-0.151338	9	3.5455e-08	9.0089e-05	0.21395	0.36528
chr15	89091509	89091607	3.9771e-07	0.298480	7	4.6185e-14	1.9304e-11	0.70898	0.4105
chr15	89115599	89115679	2.3834e-05	-0.203678	7	1.7897e-13	1.1568e-09	0.36758	0.57126
chr15	89150424	89150543	3.8266e-05	-0.219354	6	1.6809e-13	1.8573e-09	0.39923	0.61859
chr15	89197686	89197786	1	-0.142332	6	6.8284e-05	0.0030293	0.28396	0.42629
chr15	89209907	89210005	0.00045342	-0.262920	6	8.0802e-13	2.2008e-08	0.31337	0.57629
chr15	89221543	89221665	1	0.114617	9	5.5232e-06	0.0031303	0.75042	0.6358
chr15	89329752	89329901	0.31492	0.162812	7	9.6296e-07	1.5285e-05	0.43172	0.26891
chr15	89331575	89331659	1	-0.126043	6	1.067e-05	0.0020858	0.68159	0.80763
chr15	89335947	89336397	1	0.114780	9	0.00061848	0.042017	0.38528	0.2705
chr15	89377526	89377594	1	0.101184	11	7.3231e-07	0.00084251	0.30006	0.19887
chr15	89378443	89378476	1	-0.102031	5	1.3734e-05	0.0016409	0.12716	0.22919
chr15	89379343	89379562	2.0985e-15	0.230516	21	4.2522e-14	1.0185e-19	0.46949	0.23897
chr15	89379612	89379719	1	0.129075	5	0.0068555	0.020438	0.76302	0.63394
chr15	89379771	89379780	1	0.129662	5	6.6476e-06	0.00025492	0.81934	0.68967
chr15	89396477	89396532	0.053047	0.138378	5	6.6559e-08	2.5747e-06	0.8672	0.72882
chr15	89396951	89397288	1	0.104760	5	0.0027229	0.013901	0.76061	0.65585
chr15	89405699	89405721	1	0.100656	5	0.00027425	0.0012609	0.34581	0.24515
chr15	89417397	89417490	1	0.106736	13	5.3422e-06	0.00065878	0.42988	0.32315
chr15	89449367	89449416	1	0.112747	5	0.0013374	0.0012259	0.63387	0.52112
chr15	89486917	89487012	0.0035908	0.135599	16	8.5043e-14	1.7428e-07	0.24287	0.10727
chr15	89652833	89652933	1	0.105244	5	0.00032509	0.011312	0.92127	0.81603
chr15	89658057	89658155	1	0.107370	5	4.8037e-06	8.9354e-05	0.93573	0.82836
chr15	89680400	89680489	1	-0.192371	5	1.7529e-05	7.441e-05	0.38196	0.57434
chr15	89748453	89748584	5.6575e-08	-0.238059	13	4.5852e-14	2.7459e-12	0.30524	0.5433
chr15	89750030	89750044	1	0.151882	5	6.4961e-06	0.0030861	0.27952	0.12764
chr15	89776188	89776273	0.053416	0.224639	5	1.9009e-10	2.5926e-06	0.7272	0.50257
chr15	89785007	89785039	0.055403	-0.216145	6	2.0664e-08	2.6891e-06	0.42452	0.64067
chr15	89794867	89794953	0.013715	-0.225283	5	1.5612e-08	6.6569e-07	0.25931	0.4846
chr15	89818350	89818408	1	0.100956	7	0.00023002	0.00097786	0.68957	0.58862
chr15	89828332	89828465	1	-0.131650	7	1.3314e-05	0.0014564	0.38763	0.51928
chr15	89913216	89913705	1.6656e-16	-0.242653	19	4.0634e-14	8.0843e-21	0.29249	0.53514
chr15	90000159	90000584	1.2862e-13	-0.238403	16	4.2855e-14	6.2426e-18	0.24626	0.48466
chr15	90004746	90004830	0.023277	0.158699	13	6.8706e-10	1.1298e-06	0.75077	0.59207
chr15	90035267	90035327	1	0.143854	5	7.4572e-06	0.00011311	0.80271	0.65885
chr15	90098130	90098190	0.016047	0.161028	5	2.026e-10	7.7885e-07	0.33438	0.17335
chr15	90100533	90100634	0.57053	0.133638	10	1.0403e-08	2.7691e-05	0.71572	0.58208
chr15	90155158	90155231	3.2855e-08	-0.291614	7	4.1744e-14	1.5947e-12	0.2461	0.53771
chr15	90165881	90165926	1	-0.150729	5	1.0271e-06	0.0001437	0.12586	0.27659
chr15	90174710	90174894	1	-0.143175	7	3.6579e-06	0.00022504	0.26728	0.41045
chr15	90200748	90200760	1	0.155377	5	0.00025903	0.010994	0.52131	0.36593
chr15	90200777	90200966	3.2042e-06	0.184513	15	5.0404e-14	1.5552e-10	0.39104	0.20653
chr15	90202278	90202391	0.0092527	-0.184431	8	5.4867e-13	4.4909e-07	0.25787	0.4423
chr15	90212929	90212987	1	-0.120249	7	2.0692e-05	0.00035171	0.38421	0.50446
chr15	90221424	90221456	1.0837e-07	-0.269390	5	4.6296e-14	5.2598e-12	0.15995	0.42934
chr15	90230291	90230396	1.1985e-08	-0.248074	12	4.452e-14	5.8173e-13	0.35136	0.59943
chr15	90232209	90232350	1	0.111182	13	7.8776e-08	0.00025882	0.75801	0.64683
chr15	90272690	90272845	0.0010812	-0.187822	5	7.4645e-11	5.2478e-08	0.44294	0.63076
chr15	90301483	90301568	1	-0.123700	5	0.0066563	0.024667	0.45664	0.58034
chr15	90336926	90337029	6.7873e-07	0.330788	5	5.1292e-14	3.2943e-11	0.66737	0.33659
chr15	90420299	90420433	1	0.102143	8	1.1454e-05	0.0064695	0.71035	0.60821
chr15	90511545	90511648	1	0.130269	5	5.8151e-05	0.00088953	0.81549	0.68522
chr15	90814204	90814329	1	-0.131184	10	1.4671e-06	0.00026857	0.42195	0.55314
chr15	90845365	90845435	0.024578	0.232890	5	6.1322e-08	1.1929e-06	0.55428	0.32139
chr15	90852601	90852756	1	0.173713	7	1.3736e-07	0.00013259	0.82528	0.65156
chr15	90868231	90868942	2.1179e-26	-0.302278	20	4.8406e-14	1.028e-30	0.34217	0.64445
chr15	90869967	90870056	0.013644	0.255934	5	7.7996e-10	6.6225e-07	0.53964	0.28371
chr15	90881401	90881580	1	-0.100126	7	0.019702	0.11904	0.68082	0.78094
chr15	90883437	90883494	1	-0.104372	5	0.034717	0.11531	0.62615	0.73052
chr15	90903929	90904012	0.0020292	-0.224538	10	4.6962e-14	9.8488e-08	0.2998	0.52434
chr15	90956097	90956433	0.010598	-0.151907	12	3.5095e-09	5.1439e-07	0.22646	0.37836
chr15	90957571	90957697	0.017165	-0.266757	7	3.8117e-12	8.3312e-07	0.46537	0.73213
chr15	90992949	90993049	1	0.156664	9	4.2134e-08	9.8792e-05	0.75374	0.59708
chr15	91225591	91225707	1	0.102949	5	0.0053203	0.026651	0.62657	0.52362
chr15	91294028	91294243	3.1674e-10	-0.253178	9	4.0967e-14	1.5374e-14	0.41344	0.66662
chr15	91294953	91295103	1.3603e-12	-0.301198	8	4.019e-14	6.6022e-17	0.29084	0.59204
chr15	91295902	91295951	0.062246	-0.175558	8	5.4263e-10	3.0212e-06	0.46826	0.64382
chr15	91461906	91462101	0.70844	0.131936	7	3.1667e-08	3.4385e-05	0.81179	0.67985
chr15	91515553	91515645	3.2389e-05	0.188468	6	6.5947e-13	1.5721e-09	0.44038	0.25192
chr15	91627358	91627468	1	0.141126	5	0.00011399	0.0016984	0.79728	0.65615
chr15	91694674	91694842	1.6025e-12	-0.210598	13	4.3188e-14	7.7778e-17	0.19364	0.40424
chr15	91764570	91764629	1	0.104910	5	0.00030724	0.01621	0.85224	0.74733
chr15	91855187	91855254	1	-0.118327	5	0.00020178	0.018734	0.14609	0.26442
chr15	91855851	91856053	1	-0.117277	9	9.0487e-07	0.00060939	0.20893	0.32621
chr15	91856353	91856667	1	-0.118639	9	3.7817e-06	0.0014857	0.37658	0.49522
chr15	91856667	91856688	0.00022072	-0.198233	5	3.5327e-12	1.0713e-08	0.18841	0.38665
chr15	91864085	91864231	0.26085	-0.177581	8	5.4323e-09	1.2661e-05	0.45207	0.62966
chr15	91888293	91888316	0.00075889	-0.252099	6	6.0729e-14	3.6834e-08	0.30602	0.55811
chr15	91912402	91912480	1	-0.128531	5	0.00014188	0.0086835	0.32684	0.45537
chr15	91915780	91915875	9.5525e-08	-0.275946	7	4.341e-14	4.6365e-12	0.31509	0.59103
chr15	91948240	91948442	0.0030016	-0.181785	9	1.0054e-12	1.4569e-07	0.16775	0.34953
chr15	91963622	91963684	1	0.148814	5	3.5384e-06	6.4126e-05	0.82675	0.67794
chr15	92030788	92030857	1	0.113330	10	5.9062e-05	0.00105	0.86372	0.75039
chr15	92069986	92070150	1.8818e-25	0.331713	17	4.2744e-14	9.1335e-30	0.53695	0.20523
chr15	92144546	92144641	1	0.130056	5	0.00055538	0.0025083	0.74408	0.61402
chr15	92158654	92158793	1	0.172061	7	1.8251e-06	0.00088274	0.62188	0.44982
chr15	92162933	92162986	1	0.122596	5	0.00027425	0.0025257	0.87962	0.75702
chr15	92305747	92305778	1	0.158134	5	3.7403e-05	0.00012274	0.46386	0.30572
chr15	92393137	92393169	0.14582	0.182429	8	1.7462e-09	7.0778e-06	0.40521	0.22278
chr15	92395694	92395826	1	-0.106810	12	5.6903e-08	0.00011279	0.2164	0.32321
chr15	92398695	92398843	1	0.113602	5	0.0065586	0.033293	0.74132	0.62772
chr15	92401422	92401568	0.032404	0.115315	22	7.4052e-13	1.5728e-06	0.78197	0.66665
chr15	92572481	92572740	0.53763	0.113937	11	6.3335e-09	2.6095e-05	0.87243	0.75849
chr15	92579615	92579897	0.036205	0.128553	11	4.3824e-11	1.7573e-06	0.83475	0.70619
chr15	92583170	92583299	1	0.126458	7	0.00016763	0.0024577	0.76375	0.63729
chr15	92584573	92584715	1	0.112074	5	0.020494	0.048107	0.73671	0.62464
chr15	92585451	92585548	1	0.149152	5	4.1736e-06	0.00084589	0.72166	0.57251
chr15	92624853	92624912	1	0.116558	8	0.00053957	0.05304	0.58482	0.46826
chr15	92665173	92665230	0.31408	0.219293	5	1.1064e-06	1.5244e-05	0.44144	0.22214
chr15	92706412	92706526	0.019411	0.194987	5	3.8129e-10	9.4216e-07	0.7588	0.56381
chr15	92711574	92711642	1	0.118566	8	1.6694e-07	9.1073e-05	0.914	0.79544
chr15	92734018	92734137	0.003356	0.166409	10	1.0212e-12	1.6289e-07	0.35517	0.18876
chr15	92819501	92819574	0.00059317	-0.224744	5	4.8089e-12	2.8791e-08	0.30366	0.52841
chr15	92881970	92882016	0.037631	-0.254728	5	2.4516e-10	1.8265e-06	0.30876	0.56348
chr15	92905234	92905367	1.3328e-09	-0.203939	12	4.4853e-14	6.4689e-14	0.15335	0.35729
chr15	92913935	92913995	1	-0.100130	5	0.01511	0.088446	0.52193	0.62206
chr15	93027686	93027724	0.001614	0.135192	8	7.5354e-12	7.834e-08	0.92914	0.79395
chr15	93028708	93028766	1	0.124244	5	0.00064165	0.0016584	0.70611	0.58186
chr15	93036930	93037157	1.6856e-08	0.142298	26	4.7073e-14	8.1811e-13	0.83636	0.69406
chr15	93048519	93048596	0.00067888	0.127973	12	1.0525e-13	3.2951e-08	0.92693	0.79895
chr15	93063427	93063601	3.3588e-06	-0.211757	8	3.908e-13	1.6302e-10	0.30503	0.51678
chr15	93070211	93070342	1	-0.151349	5	0.0041025	0.0027491	0.41451	0.56586
chr15	93073630	93074008	9.1719e-14	0.217552	40	3.8969e-14	4.4517e-18	0.51824	0.30068
chr15	93109289	93110177	1.0084e-13	0.144492	55	4.13e-14	4.8943e-18	0.43503	0.29054
chr15	93152285	93152477	4.2833e-07	0.281634	5	5.4401e-14	2.079e-11	0.52728	0.24565
chr15	93179336	93179405	1	-0.110515	5	0.0044314	0.034339	0.36624	0.47676
chr15	93221670	93221753	1	0.122038	5	3.4349e-05	0.00013311	0.67303	0.551
chr15	93247619	93247749	2.1928e-09	0.223578	13	4.1411e-14	1.0643e-13	0.76704	0.54346
chr15	93307802	93308072	0.80039	0.101890	15	3.5035e-10	3.8848e-05	0.83862	0.73673
chr15	93415919	93416122	1	0.103081	5	0.00107	0.018575	0.73071	0.62763
chr15	93421676	93421860	1	0.101126	7	0.00012895	0.010214	0.71569	0.61457
chr15	93422721	93422843	1	0.121538	8	3.9415e-09	0.00010927	0.87875	0.75721
chr15	94584943	94585049	4.6157e-15	0.335809	8	4.0412e-14	2.2403e-19	0.49536	0.15955
chr15	95044765	95044912	8.3562e-06	0.209016	11	4.1189e-14	4.0558e-10	0.76406	0.55505
chr15	95196107	95196232	1	0.101335	7	0.00016962	0.018018	0.83313	0.73179
chr15	95286730	95286816	1	0.188538	5	2.3305e-05	0.00065685	0.69359	0.50506
chr15	95304287	95304344	0.0014595	0.247538	5	6.5519e-11	7.0841e-08	0.40293	0.15539
chr15	95326759	95326918	1.4219e-11	0.148828	34	4.3077e-14	6.9012e-16	0.37515	0.22633
chr15	95327032	95327066	4.9371e-07	0.125215	17	4.3632e-14	2.3963e-11	0.25127	0.12605
chr15	95327073	95327092	1	0.131816	5	0.00027951	0.0034578	0.39874	0.26693
chr15	95327760	95327845	0.73326	0.130875	7	1.4887e-07	3.559e-05	0.44911	0.31824
chr15	95596642	95596748	0.81695	0.156933	7	4.213e-08	3.9652e-05	0.73415	0.57722
chr15	95626974	95627023	1.3366e-09	0.327072	7	4.4076e-14	6.4873e-14	0.79562	0.46855
chr15	95760646	95760657	1	0.152931	5	3.3623e-05	0.00051759	0.72353	0.5706
chr15	96036678	96036784	2.2833e-07	0.232642	8	4.5963e-14	1.1082e-11	0.56783	0.33518
chr15	96182598	96182667	1	0.129084	7	6.1693e-06	0.00087955	0.78771	0.65862
chr15	96254369	96254515	0.095376	0.123002	9	5.7854e-10	4.6292e-06	0.84502	0.72202
chr15	96285881	96285897	1	0.127531	5	5.1315e-05	0.0033536	0.83353	0.706
chr15	96285897	96285914	1.373e-05	0.220873	5	1.6287e-13	6.6642e-10	0.85946	0.63859
chr15	96320881	96321080	4.142e-05	0.138414	21	4.4742e-14	2.0104e-09	0.33115	0.19274
chr15	96323207	96323418	1.7027e-16	0.317617	11	4.6629e-14	8.2642e-21	0.62236	0.30474
chr15	96323920	96324028	1.7283e-11	0.280676	9	4.5075e-14	8.3884e-16	0.67252	0.39185
chr15	96329511	96329692	7.9715e-06	0.268018	9	4.5852e-14	3.8691e-10	0.539	0.27098
chr15	96334466	96334511	1	-0.144100	7	1.3184e-06	0.00013249	0.18738	0.33148
chr15	96341889	96342102	4.4843e-24	0.366122	14	3.9524e-14	2.1765e-28	0.6216	0.25548
chr15	96342127	96342315	1	0.127721	7	2.2541e-07	6.1266e-05	0.28538	0.15766
chr15	96343299	96343973	7.5495e-31	0.299947	27	3.2863e-14	3.6643e-35	0.59486	0.29491
chr15	96344314	96345204	4.2396e-52	0.294411	41	5.3402e-14	2.0578e-56	0.56349	0.26908
chr15	96347223	96347824	4.4248e-27	0.261408	25	4.0079e-14	2.1476e-31	0.5051	0.2437
chr15	96348246	96349001	1.8719e-09	0.261470	14	4.3077e-14	9.0854e-14	0.60401	0.34254
chr15	96351112	96351350	1.0561e-42	0.334414	24	5.3624e-14	5.1261e-47	0.65724	0.32282
chr15	96351715	96352361	1.7646e-66	0.361414	40	4.7518e-14	8.5646e-71	0.59492	0.23351
chr15	96353431	96353924	8.8747e-29	0.299145	37	3.5305e-14	4.3075e-33	0.63878	0.33964
chr15	96355227	96355303	0.04493	0.202875	5	4.3221e-10	2.1807e-06	0.3652	0.16232
chr15	96358121	96358423	3.501e-22	0.246300	23	4.6518e-14	1.6992e-26	0.51145	0.26515
chr15	96359350	96359446	1	0.118094	9	3.6703e-08	5.9689e-05	0.36577	0.24768
chr15	96359571	96359633	1	0.119844	5	1.3734e-05	0.0061482	0.34182	0.22197
chr15	96362282	96362343	1	0.101519	7	0.0013258	0.052271	0.38754	0.28602
chr15	96362486	96362541	1	0.110513	7	0.000105	0.017529	0.48752	0.377
chr15	96363124	96363234	1	0.102945	7	0.000105	0.0028626	0.34342	0.24048
chr15	96363500	96363985	1.2611e-07	0.160541	20	4.6185e-14	6.1208e-12	0.37894	0.2184
chr15	96366038	96366123	1	0.176781	5	2.7473e-08	5.5252e-05	0.44472	0.26793
chr15	96366586	96366634	0.0019701	0.213557	12	4.4187e-14	9.5622e-08	0.48902	0.27546
chr15	96367879	96367941	0.1649	0.130334	12	4.2845e-09	8.0037e-06	0.36287	0.23254
chr15	96368289	96368335	1	0.102794	5	0.0026367	0.080981	0.279	0.1762
chr15	96368558	96368879	0.021997	0.132197	11	3.9963e-09	1.0676e-06	0.3352	0.203
chr15	96369452	96369587	1	0.136302	8	1.2941e-05	0.0055641	0.59479	0.45849
chr15	96369893	96369958	4.5947e-09	0.373970	6	4.3854e-14	2.2301e-13	0.7101	0.33613
chr15	96370429	96370496	1.2791e-17	0.347829	10	3.8969e-14	6.2081e-22	0.68151	0.33368
chr15	96408820	96408860	1	0.146759	5	1.6772e-05	0.00057413	0.35239	0.20563
chr15	96764629	96764736	0.27694	0.113222	11	4.2376e-10	1.3442e-05	0.89141	0.77819
chr15	96777356	96777395	1	0.108728	5	5.8151e-05	0.013667	0.84825	0.73952
chr15	96948202	96948317	0.04767	0.137037	9	3.355e-10	2.3137e-06	0.31292	0.17589
chr15	97224387	97224433	0.26162	0.177021	7	4.5799e-08	1.2698e-05	0.92073	0.74371
chr15	97521423	97521500	0.46864	0.142537	5	1.7048e-07	2.2746e-05	0.86309	0.72055
chr15	97743096	97743442	5.0902e-06	0.113494	26	9.6811e-14	2.4706e-10	0.78645	0.67295
chr15	97876479	97876657	4.9603e-08	0.358054	7	4.6518e-14	2.4076e-12	0.76906	0.41101
chr15	97957631	97957772	0.0085855	0.110537	10	2.5532e-11	4.1671e-07	0.94277	0.83223
chr15	98173618	98173725	0.0015537	-0.193241	7	6.3871e-12	7.5412e-08	0.27586	0.46911
chr15	98394131	98394405	0.031175	0.102702	16	5.8015e-12	1.5131e-06	0.85858	0.75588
chr15	98394498	98394538	0.24416	0.188852	6	7.2444e-09	1.1851e-05	0.71796	0.52911
chr15	98424821	98424860	0.014433	-0.216865	5	1.7997e-08	7.0055e-07	0.43084	0.6477
chr15	98505674	98505820	1	0.133223	8	1.0594e-05	0.00054073	0.7216	0.58837
chr15	98514091	98514634	4.4857e-17	-0.203537	22	4.341e-14	2.1772e-21	0.32655	0.53009
chr15	98514634	98514710	1	-0.105879	5	0.0023164	0.037535	0.53418	0.64006
chr15	98525094	98525210	1	0.119070	5	6.5842e-05	0.00088599	0.52979	0.41072
chr15	98525770	98525900	4.3686e-19	0.284909	21	4.2855e-14	2.1204e-23	0.63274	0.34783
chr15	98580669	98580787	0.7802	-0.163059	10	7.8107e-10	3.7868e-05	0.21341	0.37647
chr15	98643662	98643737	0.48952	0.144290	8	4.4397e-10	2.376e-05	0.76183	0.61754
chr15	98669174	98669192	3.4455e-12	0.273473	8	4.6185e-14	1.6723e-16	0.67884	0.40536
chr15	98693476	98693595	1	0.100196	7	8.9592e-05	0.004979	0.7944	0.6942
chr15	98707811	98707880	0.0083403	0.125791	5	1.3957e-09	4.0481e-07	0.92989	0.8041
chr15	98721033	98721133	9.4225e-05	0.155886	10	4.3077e-14	4.5733e-09	0.84668	0.69079
chr15	98760592	98760659	8.1671e-07	-0.263074	6	4.1522e-14	3.964e-11	0.22969	0.49276
chr15	98776716	98776880	1.3573e-18	0.284443	11	4.5741e-14	6.5879e-23	0.80006	0.51562
chr15	98785550	98785671	2.8585e-07	-0.218320	6	2.115e-13	1.3874e-11	0.33833	0.55665
chr15	98788733	98788891	1	-0.114835	7	6.2561e-06	0.0023807	0.33311	0.44794
chr15	98801523	98801578	1	0.153881	5	4.0766e-06	0.00011396	0.5757	0.42182
chr15	98840022	98840278	0.21945	0.117594	8	4.3664e-09	1.0651e-05	0.87512	0.75753
chr15	98851362	98851425	1	-0.109005	5	0.00107	0.058974	0.20058	0.30958
chr15	98865375	98865408	1	0.130620	7	0.0001637	0.0020405	0.60076	0.47014
chr15	98865428	98865580	1.8366e-08	0.254944	8	4.4964e-14	8.9141e-13	0.65486	0.39992
chr15	98865941	98866364	1.5149e-20	0.159921	45	4.4187e-14	7.3529e-25	0.53027	0.37035
chr15	98866712	98866780	1	0.127203	11	7.8497e-07	0.00098936	0.49316	0.36596
chr15	98956323	98956449	1.5083e-07	0.194123	9	4.2188e-14	7.3208e-12	0.7842	0.59008
chr15	98957025	98957433	0.01598	0.106482	14	1.0088e-11	7.7563e-07	0.87454	0.76805
chr15	99008719	99008769	0.00019044	0.260877	8	4.9405e-14	9.2433e-09	0.78242	0.52154
chr15	99106344	99106437	1	-0.103332	5	0.0063671	0.011309	0.33906	0.4424
chr15	99106510	99106589	1	-0.134105	5	8.172e-06	0.00029135	0.28238	0.41648
chr15	99129712	99130060	2.7829e-06	0.145445	22	4.0967e-14	1.3507e-10	0.82031	0.67486
chr15	99132544	99132737	3.1077e-08	0.132561	15	4.3632e-14	1.5084e-12	0.8924	0.75984
chr15	99250600	99250817	1.4419e-06	-0.174855	10	4.774e-14	6.9983e-11	0.25859	0.43345
chr15	99409003	99409167	0.58983	-0.154100	5	1.0027e-05	2.8628e-05	0.27939	0.43349
chr15	99426532	99426882	4.4879e-31	-0.266020	28	5.7176e-14	2.1783e-35	0.34661	0.61263
chr15	99434628	99434676	1	0.105138	5	0.028529	0.049795	0.80943	0.7043
chr15	99434832	99435181	0.31751	-0.124187	11	4.392e-06	1.5411e-05	0.32363	0.44782
chr15	99438781	99438855	0.012395	0.174438	7	8.4271e-09	6.0159e-07	0.53959	0.36516
chr15	99447069	99447118	3.3515e-18	-0.426972	7	4.3077e-14	1.6267e-22	0.29849	0.72546
chr15	99476097	99476170	1	-0.157134	5	1.1626e-06	0.00028227	0.50543	0.66256
chr15	99508140	99508371	1.8952e-10	0.130688	28	4.0967e-14	9.1984e-15	0.63686	0.50618
chr15	99565065	99565086	1	-0.110819	5	0.0012071	0.011298	0.1724	0.28322
chr15	99708872	99708981	0.011011	-0.236569	5	2.612e-10	5.3443e-07	0.32127	0.55784
chr15	99733893	99733971	1	-0.143396	8	5.5801e-07	0.00030782	0.22158	0.36498
chr15	99733971	99734020	1	-0.200910	5	2.4159e-06	0.00011406	0.4441	0.64501
chr15	99797156	99797202	1	0.119431	5	0.011013	0.050575	0.68933	0.5699
chr15	99973762	99973843	0.43662	0.101390	7	8.035e-08	2.1192e-05	0.92713	0.82574
chr15	99976375	99976426	1	0.107769	5	0.00082325	0.01909	0.73714	0.62937
chr15	99976904	99977187	0.10253	0.123393	12	1.6429e-08	4.9765e-06	0.82966	0.70627
chr15	99984206	99984270	1	0.163618	5	0.00026401	0.00391	0.74484	0.58123
chr15	99997573	99997748	0.090606	0.142482	5	2.0507e-07	4.3977e-06	0.86776	0.72528
chr15	99997886	99997946	1	0.100968	10	5.86e-06	0.0058226	0.78485	0.68388
chr15	100002390	100002522	0.037976	0.142290	9	9.7806e-10	1.8432e-06	0.84809	0.7058
chr15	100114528	100114665	4.6867e-27	0.262247	16	4.2411e-14	2.2747e-31	0.64799	0.38574
chr15	100132120	100132213	1	-0.100338	8	0.00090064	0.0086578	0.43369	0.53403
chr15	100191250	100191330	1.664e-14	0.279853	10	4.6074e-14	8.0766e-19	0.73003	0.45017
chr15	100199772	100199984	0.00067967	0.113976	12	8.6264e-14	3.2989e-08	0.95049	0.83651
chr15	100339294	100339377	0.19997	-0.156027	6	2.6361e-09	9.7061e-06	0.16683	0.32286
chr15	100342442	100342478	1	-0.103740	5	2.2803e-05	0.0003908	0.097112	0.20085
chr15	100350612	100351103	3.0046e-12	-0.200603	16	4.1633e-14	1.4583e-16	0.19639	0.39699
chr15	100544187	100544292	0.39677	0.171936	9	1.4075e-08	1.9258e-05	0.70893	0.53699
chr15	100544302	100544431	2.2854e-06	0.211677	13	4.5297e-14	1.1093e-10	0.53733	0.32566
chr15	100553710	100553769	0.00024061	0.143804	7	5.8953e-14	1.1679e-08	0.95671	0.81291
chr15	100663295	100663532	1	0.105574	9	0.0025666	0.01594	0.53946	0.43388
chr15	100721879	100722011	3.2776e-05	-0.121599	13	1.0725e-13	1.5908e-09	0.19993	0.32153
chr15	100733190	100733275	1	0.151273	7	0.00012741	0.013234	0.54575	0.39448
chr15	100787456	100787573	0.020281	0.120306	11	9.9003e-12	9.8439e-07	0.88153	0.76122
chr15	100878753	100878943	2.3484e-07	0.151221	19	4.6074e-14	1.1398e-11	0.41379	0.26257
chr15	100902402	100902514	1.6714e-16	-0.240985	10	4.1855e-14	8.1124e-21	0.19543	0.43642
chr15	100959400	100959511	1	0.186489	6	1.3289e-07	0.00014539	0.79935	0.61286
chr15	100974089	100974102	1	-0.135718	5	4.9211e-05	0.0035819	0.65217	0.78789
chr15	101007550	101007579	1	-0.123513	5	0.0014805	0.043421	0.44135	0.56486
chr15	101027706	101027782	4.5373e-05	-0.237824	8	4.8295e-14	2.2023e-09	0.60696	0.84478
chr15	101046649	101046849	0.54602	0.119163	7	2.1075e-08	2.6502e-05	0.9128	0.79364
chr15	101051217	101051252	1	0.101431	8	2.6627e-06	0.0011398	0.82057	0.71914
chr15	101056887	101057014	9.4688e-05	0.106744	16	7.494e-14	4.5959e-09	0.93442	0.82767
chr15	101083347	101083565	0.0012442	-0.205856	6	3.5385e-10	6.0388e-08	0.25174	0.4576
chr15	101089137	101089253	1	-0.150225	14	4.0019e-08	4.8772e-05	0.3672	0.51743
chr15	101121285	101121342	1	-0.108566	5	0.0064622	0.039547	0.54101	0.64958
chr15	101121375	101121549	0.036179	-0.147702	11	5.0364e-10	1.756e-06	0.239	0.3867
chr15	101127901	101128001	0.065282	0.170763	6	1.8733e-07	3.1686e-06	0.32597	0.15521
chr15	101156645	101157143	5.3146e-20	0.167424	34	4.6518e-14	2.5795e-24	0.80395	0.63653
chr15	101158684	101158732	0.00027185	0.182818	7	1.3245e-12	1.3195e-08	0.77111	0.5883
chr15	101175542	101175729	2.9667e-36	0.285116	21	5.6399e-14	1.44e-40	0.77212	0.48701
chr15	101188289	101188539	0.00034824	0.152371	14	9.015e-14	1.6902e-08	0.68575	0.53338
chr15	101188937	101189037	0.011051	0.186986	5	3.6487e-09	5.364e-07	0.61369	0.42671
chr15	101199977	101200165	0.031726	0.199482	8	2.4592e-11	1.5399e-06	0.45337	0.25388
chr15	101237457	101237711	9.276e-08	0.142205	25	4.4409e-14	4.5022e-12	0.83383	0.69162
chr15	101242831	101242881	4.4588e-09	0.326551	6	4.6185e-14	2.1642e-13	0.49529	0.16874
chr15	101244339	101244473	4.5267e-05	0.189750	10	6.033e-13	2.1971e-09	0.51286	0.32311
chr15	101255290	101255346	1	0.151489	6	0.00043721	0.020877	0.61236	0.46087
chr15	101277953	101278139	0.00028595	-0.188076	13	1.4078e-12	1.3879e-08	0.40678	0.59485
chr15	101280349	101280584	0.10109	-0.186886	5	4.4092e-08	4.9065e-06	0.656	0.84288
chr15	101307116	101307224	1	0.115991	5	0.0073773	0.16857	0.60146	0.48547
chr15	101320729	101320926	1.6342e-50	0.346186	26	4.3521e-14	7.9317e-55	0.53881	0.19262
chr15	101329348	101329455	0.0011277	0.122134	11	5.4167e-11	5.4733e-08	0.86769	0.74555
chr15	101346888	101346966	1	-0.110061	5	0.0014073	0.011343	0.43759	0.54765
chr15	101359037	101359078	0.4227	0.119084	7	7.188e-10	2.0517e-05	0.86591	0.74683
chr15	101372237	101372312	2.9243e-11	-0.259482	11	4.5852e-14	1.4194e-15	0.2212	0.48068
chr15	101392176	101392448	1.1549e-25	0.288083	20	3.697e-14	5.6053e-30	0.7349	0.44681
chr15	101401413	101401554	0.26259	0.105273	8	2.598e-07	1.2745e-05	0.89615	0.79087
chr15	101444201	101444345	0.80611	0.121524	7	1.3736e-07	3.9126e-05	0.78412	0.66259
chr15	101451251	101451772	2.2209e-67	0.318673	35	4.4076e-14	1.0779e-71	0.59744	0.27876
chr15	101452811	101452911	1	0.111053	7	6.897e-06	0.00027655	0.82815	0.7171
chr15	101469635	101469921	5.0311e-08	0.135693	20	4.1189e-14	2.4419e-12	0.73873	0.60304
chr15	101484948	101485150	1	0.106706	12	9.5539e-07	0.00011539	0.81416	0.70745
chr15	101490597	101490626	1	-0.123282	5	0.00048888	0.0078995	0.48931	0.61259
chr15	101496992	101497115	1	0.150854	5	0.0011663	0.02104	0.64538	0.49452
chr15	101528393	101528532	0.046679	-0.144243	9	2.1191e-10	2.2656e-06	0.21327	0.35752
chr15	101571298	101571456	1	0.108800	11	9.3665e-07	0.0010933	0.78883	0.68003
chr15	101616560	101616709	1	-0.162776	7	9.7753e-08	0.00026557	0.27456	0.43733
chr15	101805504	101805781	0.01271	0.107135	8	5.5923e-09	6.1692e-07	0.81901	0.71187
