chr13	18298446	18298549	1	0.136832	5	1.8521e-06	0.00014842	0.82081	0.68398
chr13	18299124	18299206	1	0.141866	5	3.7098e-06	0.00024131	0.82238	0.68052
chr13	18301783	18301824	1	0.125731	5	0.0014557	0.025149	0.86047	0.73474
chr13	18408518	18408826	0.0005918	0.119178	38	4.8628e-14	3.3356e-08	0.7788	0.65962
chr13	18599654	18600147	2.3497e-09	0.153731	37	4.4409e-14	1.3243e-13	0.76103	0.6073
chr13	18725443	18725484	0.040729	0.155345	13	1.1286e-10	2.2956e-06	0.80785	0.65251
chr13	18874698	18875207	1	0.115811	26	3.8759e-07	0.0001952	0.62648	0.51067
chr13	19177191	19177267	0.027835	0.102444	11	7.5864e-10	1.5689e-06	0.89767	0.79522
chr13	19344957	19345275	2.3883e-18	0.188027	42	4.5186e-14	1.3461e-22	0.56806	0.38004
chr13	19346859	19346936	1	0.112395	5	0.010121	0.075838	0.77217	0.65978
chr13	19382379	19382841	2.5544e-06	0.113930	33	4.4631e-14	1.4397e-10	0.79433	0.68041
chr13	19564865	19564912	8.4773e-07	0.200886	12	4.6296e-14	4.7781e-11	0.57359	0.3727
chr13	19564931	19564966	1	0.124201	5	0.00023541	0.0024711	0.3351	0.2109
chr13	19632997	19633131	1	-0.150746	11	6.8044e-09	0.00010485	0.32388	0.47463
chr13	20129220	20129250	1	-0.111403	8	2.7589e-06	0.00017229	0.24594	0.35734
chr13	20129275	20129313	0.046	-0.207428	5	5.5474e-10	2.5927e-06	0.46721	0.67463
chr13	20140628	20140725	1	0.103755	5	0.010121	0.079452	0.70996	0.60621
chr13	20143437	20143484	1	0.124449	5	6.2201e-07	0.0010323	0.85543	0.73098
chr13	20144279	20144392	0.61269	0.111344	8	3.1032e-08	3.4533e-05	0.86387	0.75253
chr13	20166869	20166943	1	0.155392	5	0.0006771	0.017686	0.55343	0.39804
chr13	20173609	20173886	1	0.159230	6	4.7436e-07	0.0005855	0.87954	0.72031
chr13	20188818	20188900	0.022822	0.213289	5	4.747e-10	1.2863e-06	0.87291	0.65963
chr13	20189226	20189333	0.058046	0.145729	12	6.5176e-09	3.2717e-06	0.41809	0.27236
chr13	20189557	20189615	1	-0.112305	8	5.312e-05	0.0049559	0.66294	0.77524
chr13	20194064	20194523	1.9375e-19	0.117204	41	4.019e-14	1.092e-23	0.19066	0.073456
chr13	20206952	20207064	9.6442e-21	0.250594	12	4.5852e-14	5.4358e-25	0.70652	0.45593
chr13	20223306	20223420	0.00038636	0.157944	11	5.0071e-14	2.1776e-08	0.8276	0.66966
chr13	20231240	20231664	2.7336e-23	0.190120	40	3.8969e-14	1.5408e-27	0.38345	0.19333
chr13	20298017	20298124	1	0.136087	5	0.0001391	0.0098917	0.84722	0.71113
chr13	20301615	20301968	1.253e-06	0.344832	9	4.4631e-14	7.0624e-11	0.6334	0.28857
chr13	20332432	20332683	1	0.113155	8	0.00029723	0.021527	0.59777	0.48461
chr13	20350923	20350981	1	0.127012	5	7.9874e-06	0.00076607	0.85015	0.72313
chr13	20412926	20413128	1	0.144292	5	0.00063022	0.0019554	0.809	0.66471
chr13	20415010	20415029	0.66169	-0.156173	7	8.1444e-06	3.7295e-05	0.17568	0.33185
chr13	20419825	20420056	1	0.170275	5	3.7098e-06	0.0012812	0.56043	0.39016
chr13	20431233	20431336	1.39e-23	0.267462	16	3.797e-14	7.8348e-28	0.86083	0.59337
chr13	20460939	20460991	0.1278	0.264064	5	2.612e-10	7.2034e-06	0.77369	0.50963
chr13	20526758	20526880	0.00022262	-0.174117	8	3.6289e-10	1.2548e-08	0.46913	0.64324
chr13	20684830	20684927	1	0.103500	12	1.5333e-08	0.00061759	0.9015	0.798
chr13	20713089	20713165	1	-0.105516	9	0.0064678	0.047997	0.39517	0.50068
chr13	20713180	20713266	0.038925	-0.174668	6	1.7062e-09	2.1939e-06	0.34437	0.51904
chr13	20728863	20728939	1	0.108820	6	0.0010871	0.0023941	0.86903	0.76021
chr13	20939847	20939882	1.4001e-07	-0.291385	5	6.3838e-14	7.8916e-12	0.39186	0.68325
chr13	20946189	20946425	5.6619e-35	0.182888	42	5.1403e-14	3.1913e-39	0.27673	0.093843
chr13	21022426	21022654	2.0468e-07	-0.222996	9	4.4631e-14	1.1537e-11	0.24173	0.46472
chr13	21071133	21071271	1	0.149691	5	2.9259e-06	0.00013054	0.71177	0.56208
chr13	21080112	21080335	2.7313e-08	-0.175048	13	4.4964e-14	1.5394e-12	0.23552	0.41057
chr13	21299349	21299556	1	-0.139321	5	0.00035702	0.0051398	0.56574	0.70506
chr13	21319148	21319179	1	0.163518	5	5.0253e-05	0.00088839	0.75217	0.58865
chr13	21326497	21326830	0.0037873	-0.170408	13	5.2847e-14	2.1347e-07	0.24221	0.41262
chr13	21668677	21668771	1	-0.121662	5	0.00070173	0.0043008	0.51584	0.6375
chr13	21683903	21683998	1	0.117269	6	0.00018673	0.00070948	0.77839	0.66112
chr13	21821743	21821812	1	-0.149611	6	1.3805e-06	0.00092623	0.52978	0.67939
chr13	21851389	21851553	1	0.112588	5	0.00053556	0.0030594	0.84864	0.73605
chr13	21872942	21873031	0.0047428	0.171969	5	2.7092e-09	2.6732e-07	0.72972	0.55775
chr13	21884553	21884652	1.6019e-08	-0.250708	8	4.452e-14	9.0288e-13	0.23264	0.48335
chr13	21902826	21902880	0.0060815	-0.205329	8	1.7667e-11	3.4277e-07	0.27706	0.48239
chr13	21919791	21919951	1	0.170542	5	1.3734e-05	0.00065516	0.84815	0.67761
chr13	22113512	22113592	0.36005	0.117336	6	3.8267e-07	2.0293e-05	0.9313	0.81396
chr13	22198770	22198807	1	-0.119604	6	0.00015157	0.0012035	0.26494	0.38454
chr13	22198823	22198912	1.7023e-07	-0.190126	7	4.2633e-14	9.5946e-12	0.24837	0.43849
chr13	22220652	22220715	1.9852e-10	-0.258600	10	4.0856e-14	1.1189e-14	0.35047	0.60907
chr13	22696580	22696723	2.6854e-06	0.126514	31	4.1522e-14	1.5136e-10	0.7376	0.61108
chr13	22735527	22735664	0.1572	0.129646	11	5.1961e-09	8.8601e-06	0.35144	0.22179
chr13	22735664	22735769	0.023866	0.146304	8	1.3598e-08	1.3452e-06	0.64082	0.49451
chr13	22736262	22736344	1	0.142902	5	5.4957e-08	0.00014419	0.86862	0.72572
chr13	22736344	22736615	5.1432e-17	0.229155	23	3.8192e-14	2.8989e-21	0.82907	0.59991
chr13	22758371	22758487	1	0.112311	5	5.7868e-06	0.00011798	0.82658	0.71427
chr13	22813701	22813850	6.6267e-11	0.286171	14	4.3521e-14	3.7351e-15	0.6907	0.40453
chr13	22925970	22926027	1	0.115510	5	0.0039773	0.023569	0.45621	0.3407
chr13	22926895	22927052	1.2627e-10	0.170713	16	4.452e-14	7.1169e-15	0.32519	0.15448
chr13	22927201	22927327	2.3756e-25	0.320825	16	4.7407e-14	1.339e-29	0.64514	0.32432
chr13	23127661	23127765	0.038256	0.160593	9	4.4284e-09	2.1562e-06	0.87993	0.71934
chr13	23127805	23127892	1	0.107290	8	3.3708e-06	0.00051521	0.78754	0.68025
chr13	23142328	23142351	1	0.126515	5	0.0017802	0.043279	0.86953	0.74301
chr13	23147710	23147744	1	0.165429	5	8.7506e-06	0.0017502	0.86457	0.69914
chr13	23159082	23159136	1	0.101433	5	0.028885	0.024562	0.66826	0.56683
chr13	23427765	23427898	0.00040117	-0.221067	9	2.5524e-13	2.2612e-08	0.25194	0.47301
chr13	23470032	23470220	1	-0.102299	5	0.011484	0.025316	0.4048	0.5071
chr13	23525264	23525388	1	0.101537	5	0.00013107	0.0094724	0.87072	0.76918
chr13	23547191	23547438	5.5844e-06	0.129758	24	4.6185e-14	3.1476e-10	0.32731	0.19755
chr13	23559325	23559500	0.27306	-0.163494	7	1.8697e-08	1.539e-05	0.25954	0.42304
chr13	23570709	23570846	0.12311	-0.121737	5	1.2062e-07	6.9386e-06	0.15651	0.27824
chr13	23609468	23609700	1.763e-13	0.204820	12	4.1855e-14	9.9367e-18	0.40006	0.19524
chr13	23643706	23643724	0.64549	-0.131653	5	1.6169e-07	3.6382e-05	0.62404	0.75569
chr13	23695713	23696162	7.7225e-12	0.209139	20	4.7073e-14	4.3527e-16	0.35622	0.14708
chr13	23696181	23696234	0.0064006	0.279738	5	1.378e-11	3.6076e-07	0.75096	0.47122
chr13	23903168	23903180	1	0.120992	7	1.1316e-05	0.00021781	0.65095	0.52996
chr13	23946263	23946295	0.35826	0.177601	7	6.0317e-09	2.0193e-05	0.72742	0.54982
chr13	24033515	24033595	1	0.111618	5	0.0030451	0.0059311	0.78557	0.67396
chr13	24075980	24076071	0.13268	-0.230955	5	2.0735e-08	7.4782e-06	0.30882	0.53977
chr13	24087420	24087504	1	-0.106605	5	0.0019663	0.0063264	0.45813	0.56473
chr13	24162315	24162581	1.4781e-09	-0.204712	15	4.3854e-14	8.3313e-14	0.40596	0.61067
chr13	24164998	24165232	1	0.124144	11	4.2981e-06	0.0010437	0.84247	0.71833
chr13	24184013	24184136	5.0986e-06	-0.220559	7	2.3626e-13	2.8737e-10	0.45811	0.67867
chr13	24223994	24224196	9.8785e-14	0.247425	21	4.9072e-14	5.5679e-18	0.72365	0.47623
chr13	24233690	24233839	0.076197	0.133670	8	3.5619e-08	4.2947e-06	0.68278	0.54911
chr13	24251773	24251914	0.0088397	0.179707	9	5.2968e-12	4.9824e-07	0.86184	0.68213
chr13	24313512	24313588	1.3193e-06	0.255754	5	5.1292e-14	7.4362e-11	0.44473	0.18898
chr13	24328214	24328252	0.41752	0.113724	8	8.8504e-07	2.3533e-05	0.18295	0.06923
chr13	24328295	24328722	6.2169e-08	0.126128	58	4.2744e-14	3.5041e-12	0.3879	0.26177
chr13	24359074	24359114	1	0.107317	5	2.2778e-07	0.00011002	0.94602	0.8387
chr13	24502534	24502881	1	-0.178673	5	1.436e-05	0.00082329	0.53064	0.70931
chr13	24542180	24542372	0.0004278	0.110378	21	4.5297e-14	2.4112e-08	0.27936	0.16898
chr13	24559728	24559969	3.0132e-39	0.318645	23	5.5733e-14	1.6983e-43	0.65375	0.3351
chr13	24627389	24627457	1	-0.153919	5	7.6032e-05	0.011039	0.64928	0.8032
chr13	24638019	24638189	1	0.114858	8	2.41e-05	0.0016699	0.70658	0.59172
chr13	24746351	24746421	1	0.165647	5	1.1742e-05	0.00019279	0.30319	0.13754
chr13	24764007	24764082	0.082865	0.133721	8	3.663e-09	4.6705e-06	0.84706	0.71334
chr13	24925824	24926015	1.6268e-09	-0.305241	7	4.4964e-14	9.1691e-14	0.30117	0.60641
chr13	24932024	24932106	3.2587e-11	0.154837	19	4.3965e-14	1.8367e-15	0.34971	0.19487
chr13	24938552	24938655	1	0.111456	5	4.7189e-05	0.002502	0.81397	0.70251
chr13	25002402	25002519	0.00026705	-0.161533	10	1.1702e-13	1.5052e-08	0.16278	0.32431
chr13	25095885	25095920	0.12878	0.101853	10	1.6815e-10	7.2586e-06	0.28395	0.1821
chr13	25095924	25096132	5.9765e-33	0.216490	34	5.751e-14	3.3686e-37	0.39321	0.17672
chr13	25096136	25096320	0.008718	0.114726	18	2.6152e-10	4.9138e-07	0.33668	0.22195
chr13	25117462	25117539	1	-0.130968	5	0.00014188	0.0091226	0.53661	0.66757
chr13	25170515	25170621	0.00018756	0.128377	13	6.6613e-14	1.0571e-08	0.23541	0.10703
chr13	25180495	25180770	1	0.122100	13	2.32e-09	8.1612e-05	0.67734	0.55525
chr13	25300793	25301158	0.0013737	0.171688	24	8.4266e-14	7.7426e-08	0.68249	0.5108
chr13	25371116	25371278	4.0587e-10	-0.225271	10	4.8295e-14	2.2876e-14	0.4051	0.63037
chr13	25468427	25468461	1	0.143183	5	0.00012849	0.0023334	0.53814	0.39496
chr13	25468882	25468985	6.0304e-07	0.142907	14	4.0856e-14	3.3989e-11	0.19601	0.053099
chr13	25469087	25469323	0.073341	0.185373	10	2.1805e-10	4.1337e-06	0.41092	0.22555
chr13	25566429	25566609	1	0.102952	7	0.00016962	0.0032602	0.7748	0.67184
chr13	25763134	25763351	1	0.132269	5	0.00020178	0.011079	0.74228	0.61001
chr13	25928871	25928917	1	0.140359	8	4.1185e-09	0.00010179	0.77198	0.63162
chr13	25971626	25971728	1	-0.113631	8	1.1582e-05	0.00057472	0.3297	0.44333
chr13	26010022	26010145	0.013804	-0.122447	7	6.0837e-06	7.7802e-07	0.58585	0.70829
chr13	26012071	26012873	1.3858e-20	0.189066	52	3.8858e-14	7.811e-25	0.45083	0.26176
chr13	26020227	26020422	1	0.165118	5	0.00038465	0.01213	0.46928	0.30417
chr13	26074776	26074898	0.00037133	-0.179093	8	7.9249e-12	2.0929e-08	0.1993	0.37839
chr13	26219491	26219633	1	0.100594	6	0.0011608	0.0016786	0.8751	0.77451
chr13	26567815	26567941	1	0.116518	5	5.5244e-06	0.00042603	0.84324	0.72672
chr13	26698554	26698576	1	-0.101249	5	4.3743e-06	0.00086446	0.10009	0.20134
chr13	26698598	26698630	0.0023809	-0.238806	5	6.5399e-12	1.3419e-07	0.33787	0.57668
chr13	26708398	26708547	1	0.104747	9	0.00075004	0.011681	0.82541	0.72066
chr13	26721687	26721931	2.2129e-26	0.272908	25	4.4409e-14	1.2473e-30	0.58756	0.31465
chr13	26742953	26742981	1	0.130003	10	3.7462e-06	0.0068704	0.52533	0.39532
chr13	26761222	26761275	1	-0.112726	5	7.2978e-05	0.0011381	0.36513	0.47785
chr13	26924009	26924157	1	0.105155	7	0.0025189	0.08439	0.33455	0.2294
chr13	26966041	26966123	1	-0.192918	8	6.5577e-09	0.00013811	0.27887	0.47179
chr13	26977671	26977690	0.83936	0.204050	5	6.8399e-08	4.7309e-05	0.44515	0.2411
chr13	27212892	27212964	9.3537e-06	0.253444	5	4.9294e-14	5.2721e-10	0.80506	0.55161
chr13	27424988	27425140	0.00061845	0.188018	9	2.7236e-11	3.4858e-08	0.30696	0.11894
chr13	27442375	27442574	1	-0.167892	5	1.5694e-05	0.0025272	0.23385	0.40174
chr13	27451611	27451725	1	-0.193918	5	6.1322e-08	6.2001e-05	0.31488	0.50879
chr13	27748499	27748555	1	0.153251	5	0.0001476	0.0024968	0.91402	0.76077
chr13	27776238	27776312	1.1362e-06	0.185311	12	4.7184e-14	6.4042e-11	0.45828	0.27297
chr13	27782419	27782457	0.16282	-0.164564	6	1.1254e-08	9.1773e-06	0.48519	0.64976
chr13	27791427	27791779	1.3709e-08	0.109822	42	4.3188e-14	7.7271e-13	0.25768	0.14786
chr13	27793604	27794036	1.5807e-11	0.112582	37	4.0745e-14	8.9091e-16	0.24251	0.12993
chr13	27795300	27795437	1.277e-05	0.110732	15	4.4298e-14	7.1975e-10	0.23899	0.12826
chr13	27796863	27796978	0.036873	0.112730	9	2.3724e-11	2.0783e-06	0.18078	0.068052
chr13	27918500	27919291	6.351e-08	0.112561	51	4.4076e-14	3.5797e-12	0.33848	0.22592
chr13	27922267	27922504	6.149e-06	0.218760	8	5.1625e-14	3.4658e-10	0.41188	0.19312
chr13	27922504	27922603	1	0.107101	5	0.00094736	0.014442	0.27837	0.17127
chr13	27923216	27923334	7.1862e-06	0.153537	11	4.674e-14	4.0504e-10	0.27617	0.12263
chr13	27929145	27929205	1	0.118427	9	1.8618e-09	0.00016158	0.25377	0.13534
chr13	27970546	27971147	2.0672e-10	0.118766	49	3.9746e-14	1.1652e-14	0.2944	0.17564
chr13	27971421	27971437	1	-0.153907	5	2.3817e-05	0.001606	0.24815	0.40205
chr13	27973450	27973480	1	0.100741	5	0.021584	0.070524	0.52647	0.42573
chr13	27975376	27975649	0.82133	0.117129	27	2.6919e-08	4.6293e-05	0.33009	0.21296
chr13	27975804	27975985	7.2638e-08	0.103695	33	8.4703e-10	4.0941e-12	0.22348	0.11979
chr13	27976006	27976210	4.5727e-05	0.213982	20	2.5157e-08	2.5773e-09	0.33721	0.12322
chr13	27977337	27977454	1	0.135294	8	0.0027194	0.014569	0.25139	0.11609
chr13	27981193	27981367	1	-0.173690	5	2.0906e-06	0.00023791	0.23138	0.40507
chr13	28099537	28099654	4.9039e-08	0.217210	12	3.9968e-14	2.764e-12	0.48004	0.26283
chr13	28099669	28099974	4.7015e-07	0.127846	15	4.2188e-14	2.6499e-11	0.21061	0.082762
chr13	28328761	28328865	1	0.103675	5	0.00056553	0.0051456	0.90704	0.80336
chr13	28401476	28401595	0.21438	0.198694	6	1.4942e-08	1.2083e-05	0.52423	0.32553
chr13	28408645	28408778	1	0.129266	12	1.0832e-07	0.00011551	0.42138	0.29211
chr13	28477470	28477602	6.7392e-22	-0.294922	12	4.996e-14	3.7984e-26	0.23691	0.53183
chr13	28532982	28533213	5.2422e-11	0.181840	22	4.2077e-14	2.9547e-15	0.34777	0.16593
chr13	28583796	28584078	6.6705e-22	-0.249014	22	4.0856e-14	3.7597e-26	0.26026	0.50928
chr13	28618606	28618748	4.334e-09	0.197859	13	4.3188e-14	2.4428e-13	0.83928	0.64142
chr13	28716518	28716624	2.8319e-09	-0.267791	9	4.3854e-14	1.5962e-13	0.24519	0.51298
chr13	29023309	29023714	1	0.103121	5	0.00082325	0.0088214	0.7904	0.68728
chr13	29479156	29479197	1	0.118077	5	6.4767e-08	8.1379e-05	0.89387	0.77579
chr13	29483273	29483328	1	0.106631	9	7.7436e-07	0.00027259	0.85697	0.75033
chr13	29488610	29488834	1.2183e-23	-0.300847	13	4.0856e-14	6.8667e-28	0.27344	0.57428
chr13	29544021	29544168	0.33538	0.113250	8	8.139e-09	1.8903e-05	0.87513	0.76188
chr13	29569833	29569937	0.13063	-0.239491	5	8.555e-10	7.3625e-06	0.41899	0.65848
chr13	29582300	29582433	1.8098e-23	-0.316411	16	4.3743e-14	1.0201e-27	0.32156	0.63798
chr13	29902422	29902587	1	0.131377	8	0.00031436	0.0028831	0.24987	0.1185
chr13	29936268	29936420	5.3371e-14	0.346258	9	4.2855e-14	3.0082e-18	0.63909	0.29283
chr13	29954500	29954572	4.0735e-23	0.288903	12	3.797e-14	2.296e-27	0.67375	0.38485
chr13	30039090	30039238	1	0.124745	5	1.4044e-05	8.4811e-05	0.55106	0.42632
chr13	30115407	30115469	5.4697e-05	-0.176716	10	1.0447e-13	3.0829e-09	0.17088	0.3476
chr13	30154396	30154426	1	-0.108512	5	0.0044314	0.05774	0.57492	0.68344
chr13	30159214	30159331	1	0.100254	8	0.0014035	0.027126	0.60208	0.50182
chr13	30373910	30374063	5.9535e-14	0.349994	8	4.0967e-14	3.3556e-18	0.62513	0.27513
chr13	30418719	30418770	0.0058466	-0.227272	5	7.7996e-10	3.2954e-07	0.5184	0.74567
chr13	30459531	30459651	0.0854	0.131548	5	5.6541e-06	4.8134e-06	0.75681	0.62526
chr13	30466987	30467192	0.025868	0.216255	5	5.8468e-09	1.458e-06	0.50083	0.28457
chr13	30735265	30735770	1.6212e-12	0.303779	10	4.1855e-14	9.1375e-17	0.65595	0.35217
chr13	30847912	30848056	0.0024995	0.211731	10	3.2896e-13	1.4088e-07	0.54874	0.33701
chr13	30872258	30872357	0.08843	0.198501	5	1.5288e-09	4.9842e-06	0.81218	0.61368
chr13	30905797	30906079	1	-0.126395	10	1.0672e-05	0.00023966	0.34986	0.47625
chr13	30909312	30909420	1	0.112117	5	2.2476e-06	0.00018324	0.92677	0.81466
chr13	30932547	30932638	1	0.115216	15	8.2199e-09	0.00010106	0.5667	0.45148
chr13	30932741	30932880	1	0.153370	5	0.0024718	0.0072521	0.51023	0.35686
chr13	31339852	31339982	1	0.100175	8	0.0044716	0.031931	0.86969	0.76952
chr13	31352658	31352726	0.97963	0.154720	6	4.2606e-08	5.5215e-05	0.42735	0.27263
chr13	31607736	31607892	1	0.149639	5	3.2215e-05	0.0012687	0.81056	0.66092
chr13	31609109	31609150	0.07003	0.123717	7	1.8067e-08	3.9471e-06	0.92673	0.80302
chr13	31755955	31756022	0.0082104	0.118562	7	4.1266e-11	4.6276e-07	0.92943	0.81087
chr13	31945816	31945924	0.0018792	-0.168923	13	4.5297e-14	1.0592e-07	0.49076	0.65968
chr13	31951262	31951402	1	0.168730	6	0.0004624	0.003942	0.36983	0.2011
chr13	31986311	31986424	1	-0.133832	5	0.0001476	0.00039371	0.50121	0.63505
chr13	32034894	32035014	0.00037066	0.118131	6	1.5562e-10	2.0892e-08	0.93687	0.81873
chr13	32314886	32315107	8.3236e-14	0.301876	14	4.5963e-14	4.6915e-18	0.59789	0.29601
chr13	32588651	32588950	1	-0.125869	5	0.00217	0.002077	0.44802	0.57389
chr13	32940636	32940783	4.3421e-06	0.247764	8	4.0745e-14	2.4474e-10	0.58114	0.33338
chr13	32969841	32969877	1.6886e-07	0.194246	8	4.4853e-14	9.5176e-12	0.54316	0.34891
chr13	33015049	33015183	3.4476e-14	0.364069	7	4.1966e-14	1.9432e-18	0.7243	0.36023
chr13	33015483	33015825	1	0.105766	14	5.041e-06	0.00019176	0.25882	0.15306
chr13	33015856	33015946	0.0011706	0.120099	12	9.4892e-12	6.5977e-08	0.19556	0.075461
chr13	33072551	33072730	1	0.107111	6	3.4374e-05	0.0008119	0.88663	0.77951
chr13	33180312	33180379	0.00017694	-0.235218	5	1.8332e-09	9.9731e-09	0.35319	0.58841
chr13	33186550	33186595	1	0.129202	5	4.8037e-06	0.0019161	0.81838	0.68918
chr13	33205940	33206226	8.8562e-22	0.267038	14	3.8858e-14	4.9916e-26	0.5475	0.28047
chr13	33206761	33206815	0.97881	-0.147074	5	3.2956e-06	5.5169e-05	0.56358	0.71065
chr13	33207032	33207240	1	-0.125939	5	0.00031904	0.0145	0.53824	0.66418
chr13	33214029	33214101	0.081334	-0.197109	9	5.8604e-10	4.5843e-06	0.44799	0.6451
chr13	33262992	33263129	1	0.113760	5	0.0045695	0.046644	0.78457	0.67081
chr13	33271872	33271971	3.7798e-06	-0.238478	8	4.5963e-14	2.1304e-10	0.28738	0.52585
chr13	33352646	33352772	0.00059167	0.155522	8	5.6177e-14	3.3349e-08	0.7987	0.64318
chr13	33610781	33611134	3.4462e-14	0.122760	37	4.1966e-14	1.9424e-18	0.80214	0.67938
chr13	33676688	33677103	0.86933	-0.131910	9	3.3533e-05	4.8998e-05	0.12597	0.25788
chr13	33797699	33797792	0.043926	0.142882	8	4.3664e-09	2.4758e-06	0.47845	0.33557
chr13	34162262	34162526	1.2954e-05	-0.188123	8	4.4742e-14	7.3012e-10	0.11942	0.30755
chr13	34175875	34176089	0.62324	0.132452	5	9.8028e-06	3.5128e-05	0.79935	0.6669
chr13	34914065	34914182	1	0.189452	6	1.6327e-06	0.00065582	0.70008	0.51062
chr13	34943497	34943605	1	-0.101020	8	0.00068044	0.009297	0.16674	0.26776
chr13	35014770	35014867	0.68273	0.171764	5	8.273e-08	3.8481e-05	0.80358	0.63182
chr13	35471857	35471920	0.00089626	0.199124	8	3.5178e-10	5.0516e-08	0.60673	0.40761
chr13	35472433	35472528	8.2915e-10	0.289849	10	4.0745e-14	4.6734e-14	0.57714	0.28729
chr13	35476385	35476708	0.53234	0.102271	12	1.602e-09	3.0004e-05	0.22204	0.11977
chr13	35476996	35477104	1	0.109943	5	0.0001052	0.0008718	0.32055	0.21061
chr13	35477461	35477732	1	0.168472	7	3.3309e-08	0.00010358	0.53124	0.36277
chr13	35478433	35479438	5.918e-65	0.227847	97	3.586e-14	3.3356e-69	0.46312	0.23528
chr13	35536628	35536804	1	0.129122	5	4.9211e-05	0.0010141	0.87026	0.74113
chr13	35649259	35649493	1	0.172929	5	6.3794e-07	0.00049522	0.76356	0.59064
chr13	35699352	35699367	1	-0.136146	5	1.2281e-05	0.001428	0.62161	0.75775
chr13	35714278	35714424	1	-0.137118	5	7.449e-05	0.0012343	0.48927	0.62639
chr13	35784926	35784969	1	0.113068	5	0.00015053	0.0037231	0.81707	0.704
chr13	35855798	35855998	1	0.104489	8	0.0001204	0.0049361	0.30932	0.20483
chr13	35884611	35884744	1	0.117440	5	0.0087778	0.071519	0.67204	0.5546
chr13	35917350	35917459	9.1151e-08	0.180232	8	4.4409e-14	5.1376e-12	0.55706	0.37683
chr13	35920921	35921182	0.056649	0.204500	6	4.7433e-09	3.1929e-06	0.71921	0.51471
chr13	36163854	36163935	1	-0.185102	5	4.2443e-07	0.00010797	0.30684	0.49194
chr13	36215702	36215772	1	0.107819	5	1.8319e-05	0.0011388	0.91902	0.8112
chr13	36345158	36345417	8.1007e-16	0.172822	19	4.996e-14	4.5658e-20	0.3141	0.14128
chr13	36430451	36430513	1.2014e-06	0.108361	12	4.5741e-14	6.7715e-11	0.20473	0.096371
chr13	36431413	36431445	7.5966e-05	0.181464	7	9.5135e-13	4.2817e-09	0.22678	0.045312
chr13	36431941	36432542	6.6918e-58	0.206594	46	4.8517e-14	3.7718e-62	0.25486	0.048264
chr13	36879295	36879531	9.5829e-11	0.116182	26	4.0745e-14	5.4013e-15	0.91549	0.79931
chr13	37332671	37332757	1	0.118662	5	9.8028e-06	0.00010721	0.90907	0.79041
chr13	38472637	38472746	0.70922	0.128445	8	6.8479e-09	3.9974e-05	0.92941	0.80097
chr13	38494277	38494482	1	0.128280	6	1.1234e-05	0.0021619	0.82296	0.69468
chr13	38607085	38607248	1	0.100993	8	0.00011234	0.022028	0.8158	0.71481
chr13	38625167	38625352	0.46861	0.160688	9	2.7048e-06	2.6413e-05	0.70656	0.54587
chr13	38636948	38637192	0.041609	-0.196756	5	4.6594e-08	2.3452e-06	0.30272	0.49947
chr13	38690839	38691091	0.00084191	0.137334	5	3.6266e-11	4.7453e-08	0.86195	0.72462
chr13	38784577	38784843	1.0778e-15	-0.224188	18	4.8406e-14	6.075e-20	0.36904	0.59323
chr13	38952111	38952174	1	-0.113175	7	0.0005608	0.0010568	0.42168	0.53486
chr13	38980060	38980210	1	0.116751	5	0.003916	0.068605	0.69235	0.57559
chr13	39411573	39411738	1	0.102384	6	2.3346e-07	0.00039758	0.86152	0.75913
chr13	40096582	40096647	1	0.145479	6	1.3325e-05	0.0043898	0.73737	0.59189
chr13	40187938	40188124	6.42e-06	0.109243	20	4.5408e-14	3.6185e-10	0.85861	0.74937
chr13	40190972	40191011	0.00057792	0.133547	6	2.4145e-12	3.2574e-08	0.25212	0.11858
chr13	40221962	40222015	5.0427e-15	0.278376	8	4.3854e-14	2.8422e-19	0.74756	0.46918
chr13	40346089	40346146	0.00096528	-0.186924	8	6.8104e-12	5.4407e-08	0.43417	0.62109
chr13	40480975	40481452	3.9722e-10	0.140001	20	4.0967e-14	2.2389e-14	0.86154	0.72153
chr13	40490344	40490408	0.0069835	-0.218044	5	9.9975e-11	3.9361e-07	0.2429	0.46095
chr13	40490408	40490560	1	-0.135373	6	0.00057735	0.026756	0.37308	0.50845
chr13	40630250	40630393	2.808e-05	0.246549	6	1.3956e-12	1.5827e-09	0.66584	0.41929
chr13	40648943	40649039	1	-0.104015	5	0.0045	0.10318	0.43989	0.54391
chr13	40776841	40776973	7.2966e-09	0.292550	9	4.4742e-14	4.1126e-13	0.4813	0.18875
chr13	40798544	40798625	1	0.132535	5	1.6046e-05	0.0011387	0.8432	0.71066
chr13	40922653	40922887	0.04329	-0.160046	12	1.5933e-08	2.44e-06	0.5798	0.73985
chr13	40982387	40982601	2.3296e-08	0.294725	5	3.6556e-12	1.313e-12	0.60838	0.31365
chr13	41193981	41194045	1	0.150667	11	2.1457e-06	0.0030877	0.69462	0.54395
chr13	41546468	41546541	0.0038858	0.252904	6	1.5922e-09	2.1902e-07	0.76582	0.51291
chr13	42277691	42277847	1	0.125010	8	6.904e-07	0.00036324	0.82644	0.70142
chr13	42283828	42283941	1.0209e-06	-0.250607	5	1.1435e-13	5.7541e-11	0.40472	0.65533
chr13	42780284	42780647	1	0.160831	8	3.4178e-08	6.1723e-05	0.69349	0.53266
chr13	42786783	42786898	0.049194	-0.162128	5	2.8254e-08	2.7728e-06	0.43169	0.59381
chr13	42821318	42821437	1	0.101843	6	0.0078197	0.0092658	0.73153	0.62968
chr13	42883844	42883899	0.00022838	-0.148434	7	5.6434e-12	1.2872e-08	0.14126	0.28969
chr13	43023252	43023383	6.5397e-08	0.194493	13	4.6962e-14	3.686e-12	0.43787	0.24337
chr13	43356781	43356821	2.3438e-09	0.231675	8	4.5741e-14	1.321e-13	0.89911	0.66744
chr13	43364368	43364501	1.1416e-05	0.304082	5	7.6716e-14	6.4346e-10	0.64004	0.33596
chr13	43390030	43390109	1	-0.102683	5	0.081909	0.09481	0.57121	0.6739
chr13	43397057	43397181	1	0.117724	7	1.0571e-05	0.00066925	0.90894	0.79121
chr13	43629969	43630295	0.052113	0.116928	6	4.1718e-08	2.9373e-06	0.87036	0.75343
chr13	44021359	44021530	1	-0.132653	5	5.9224e-06	0.0005882	0.4837	0.61635
chr13	44132785	44132973	0.00074741	0.184022	7	1.4783e-11	4.2127e-08	0.73241	0.54839
chr13	44259668	44259849	5.7492e-05	0.257265	6	7.9492e-14	3.2404e-09	0.50372	0.24645
chr13	44403915	44403942	1	-0.129882	5	0.00031904	0.0065564	0.47318	0.60307
chr13	44405026	44405068	0.00053501	-0.298984	5	2.2249e-13	3.0155e-08	0.39517	0.69416
chr13	44412448	44412605	1	0.106081	6	1.3051e-06	8.8057e-05	0.86533	0.75925
chr13	44414565	44414711	3.9183e-09	0.244850	11	4.3965e-14	2.2085e-13	0.83138	0.58653
chr13	44575524	44575637	1	-0.110693	8	5.0453e-07	0.00031104	0.25274	0.36344
chr13	44815850	44815952	2.215e-11	0.286947	8	4.4409e-14	1.2484e-15	0.51876	0.23181
chr13	44877103	44877136	1	0.111744	8	1.3594e-06	0.00010824	0.81802	0.70628
chr13	45196171	45196339	0.018476	0.137066	5	3.9878e-09	1.0414e-06	0.82286	0.6858
chr13	45207467	45207563	3.5513e-09	-0.246720	5	4.0634e-14	2.0016e-13	0.45536	0.70208
chr13	45310718	45310847	0.41561	-0.152278	7	8.1677e-08	2.3425e-05	0.22486	0.37714
chr13	45414971	45415108	3.8986e-08	-0.235095	5	4.8295e-14	2.1974e-12	0.17624	0.41134
chr13	45467540	45467613	0.51053	-0.180126	5	3.0347e-07	2.8775e-05	0.38318	0.5633
chr13	45828274	45828455	0.0022784	0.233218	5	3.1449e-09	1.2842e-07	0.73261	0.4994
chr13	46142836	46142934	1.3946e-09	-0.295088	6	4.0079e-14	7.8606e-14	0.31924	0.61433
chr13	46145195	46145333	1.6855e-08	-0.252689	7	4.6962e-14	9.5003e-13	0.40314	0.65582
chr13	46170309	46170445	1	0.172954	8	3.6096e-09	0.00010212	0.66524	0.49229
chr13	46181937	46182305	1.5618e-21	0.397686	8	4.2188e-14	8.803e-26	0.69738	0.2997
chr13	46183148	46183300	1.6737e-25	0.276276	16	4.9183e-14	9.4336e-30	0.73682	0.46054
chr13	46552051	46552417	0.0048179	-0.124909	18	1.5615e-11	2.7155e-07	0.24678	0.37169
chr13	46556469	46556580	0.001226	-0.179949	7	1.9244e-11	6.91e-08	0.35961	0.53956
chr13	46595168	46595322	1.1236e-06	0.325738	5	5.3846e-14	6.333e-11	0.76602	0.44028
chr13	46797591	46797989	0.00092164	-0.214993	10	4.885e-14	5.1947e-08	0.30362	0.51862
chr13	46896625	46896722	1	-0.119708	5	1.8949e-07	5.8251e-05	0.11913	0.23884
chr13	47161216	47161394	1	0.158820	5	0.00010734	0.0089859	0.79851	0.63969
chr13	47211476	47211621	0.017495	-0.182654	5	9.0977e-10	9.8609e-07	0.28558	0.46823
chr13	47904456	47904562	6.7169e-05	0.111512	9	3.7158e-12	3.7859e-09	0.90776	0.79624
chr13	48001721	48001873	8.0959e-25	-0.194619	20	4.8073e-14	4.5631e-29	0.17824	0.37286
chr13	48038475	48038526	1	-0.104232	5	0.0043638	0.017001	0.32829	0.43253
chr13	48302729	48302893	0.21302	-0.116764	10	1.7007e-10	1.2007e-05	0.59658	0.71335
chr13	48318400	48319000	0.0050358	0.120414	28	6.3394e-13	2.8384e-07	0.62236	0.50195
chr13	48411858	48412121	1.623e-05	-0.134672	12	4.2633e-14	9.1476e-10	0.088657	0.22333
chr13	48431654	48431781	0.068119	0.146844	8	3.2091e-09	3.8394e-06	0.65863	0.51178
chr13	48492663	48492834	1.6934e-12	0.389548	5	4.3632e-14	9.5444e-17	0.63946	0.24991
chr13	48530913	48531007	0.0018089	0.160080	5	1.1985e-09	1.0196e-07	0.78935	0.62927
chr13	48534120	48534218	1	0.154903	5	0.00029585	0.0014652	0.78507	0.63017
chr13	48542867	48543050	0.0021968	-0.103589	10	1.5429e-12	1.2382e-07	0.085117	0.18871
chr13	48571272	48571368	0.0033595	0.204210	6	7.9976e-12	1.8935e-07	0.49378	0.28957
chr13	48573387	48573438	0.0053447	0.194714	8	2.8521e-11	3.0125e-07	0.72701	0.5323
chr13	48601126	48601191	0.002143	0.218029	6	5.4194e-12	1.2078e-07	0.7281	0.51007
chr13	48783432	48783545	0.20894	-0.139132	6	2.2433e-07	1.1776e-05	0.13634	0.27547
chr13	48805654	48805775	0.00073339	0.247894	5	9.1872e-12	4.1336e-08	0.69221	0.44432
chr13	49218510	49218718	2.3587e-12	-0.204341	21	4.0412e-14	1.3294e-16	0.22952	0.43386
chr13	49223743	49223897	1	0.137270	5	0.0064622	0.10409	0.81052	0.67325
chr13	49292830	49292883	1	0.122617	5	0.012481	0.10914	0.57962	0.457
chr13	49309114	49309200	0.062595	-0.141019	12	8.2825e-11	3.528e-06	0.64278	0.7838
chr13	49313995	49314162	8.6711e-05	-0.217754	9	8.3578e-13	4.8873e-09	0.17405	0.3918
chr13	49496345	49496415	1.0205e-11	0.107548	16	4.4631e-14	5.7517e-16	0.14704	0.03949
chr13	49496431	49496549	1.131e-19	0.295935	12	4.1411e-14	6.3746e-24	0.40199	0.10606
chr13	49496566	49496651	0.02487	0.112749	6	3.2367e-08	1.4017e-06	0.19793	0.085181
chr13	49560432	49560505	0.00014721	-0.138288	8	1.3051e-10	8.2972e-09	0.14965	0.28794
chr13	49620418	49620579	0.17018	0.151177	19	5.6928e-10	9.5917e-06	0.65063	0.49945
chr13	49628410	49628578	0.21018	0.113499	11	5.6674e-08	1.1846e-05	0.19735	0.083852
chr13	49636094	49636155	1	0.156346	6	2.0664e-08	9.8288e-05	0.71146	0.55511
chr13	49670619	49670722	1	0.117169	5	0.0023544	0.045034	0.71181	0.59464
chr13	49692049	49692160	1	-0.123882	9	6.628e-06	0.0024937	0.66902	0.7929
chr13	49939018	49939129	1.1039e-10	-0.281620	8	4.1744e-14	6.222e-15	0.29435	0.57597
chr13	49995632	49995882	8.9342e-13	0.301622	10	4.5075e-14	5.0356e-17	0.62116	0.31954
chr13	50126667	50126713	0.064946	-0.168672	8	6.9474e-09	3.6606e-06	0.44591	0.61458
chr13	50128659	50128922	2.9014e-18	0.217377	21	4.8961e-14	1.6353e-22	0.71429	0.49691
chr13	50129236	50129366	0.002296	0.175995	10	1.3023e-13	1.2941e-07	0.45531	0.27931
chr13	50132409	50132421	1	0.173772	5	3.7098e-06	0.00038945	0.50175	0.32798
chr13	50132421	50132455	3.2627e-09	0.207684	7	4.019e-14	1.8389e-13	0.42003	0.21234
chr13	50132505	50132750	0.36209	0.107061	12	7.9525e-10	2.0409e-05	0.23224	0.12518
chr13	50132750	50133609	1.7639e-40	0.246545	53	4.2522e-14	9.9418e-45	0.52621	0.27966
chr13	50133617	50133798	1	0.117132	9	6.1522e-07	0.00045258	0.92655	0.80941
chr13	50133867	50133883	0.0088573	0.186792	5	4.8789e-11	4.9923e-07	0.85358	0.66679
chr13	50208943	50209073	5.6307e-06	0.245716	5	1.0992e-12	3.1736e-10	0.47864	0.23292
chr13	50222799	50222855	1	-0.104409	7	1.4052e-05	0.0027696	0.12124	0.22565
chr13	50334542	50334700	2.0508e-07	0.116273	14	4.1189e-14	1.1559e-11	0.92	0.80373
chr13	50357603	50357834	1.1835e-10	-0.268688	9	4.3188e-14	6.6706e-15	0.39493	0.66362
chr13	50801332	50801401	1	0.136652	5	0.002279	0.015219	0.37237	0.23572
chr13	50847014	50847139	1.7162e-09	0.254525	7	5.0515e-14	9.6729e-14	0.62864	0.37411
chr13	50892733	50892912	0.0045239	0.211759	5	9.0479e-09	2.5498e-07	0.64063	0.42888
chr13	50908405	50908644	0.74041	0.177938	8	9.1296e-10	4.1732e-05	0.77157	0.59363
chr13	50993925	50993993	1	-0.132145	5	6.9608e-06	0.0027935	0.59895	0.73109
chr13	51065816	51066439	3.4291e-34	0.299845	29	4.3299e-14	1.9328e-38	0.68487	0.38502
chr13	51066783	51066934	2.6954e-20	0.275496	16	4.9294e-14	1.5192e-24	0.73525	0.45975
chr13	51292688	51292796	0.0017575	-0.257210	5	1.9274e-11	9.9059e-08	0.32484	0.58205
chr13	51324811	51324916	1	0.132448	8	2.0277e-05	0.00017658	0.75249	0.62004
chr13	51340965	51341158	1	0.104688	5	3.1597e-08	8.9398e-05	0.90112	0.79643
chr13	51421137	51421233	0.95221	0.149231	5	3.7098e-06	5.367e-05	0.69	0.54077
chr13	51518830	51519010	1.9193e-07	0.196168	9	4.6518e-14	1.0818e-11	0.76764	0.57147
chr13	51524420	51524553	1	-0.152238	5	0.00012347	0.00076822	0.39745	0.54968
chr13	51542026	51542103	9.0306e-09	-0.298577	5	4.0634e-14	5.09e-13	0.27613	0.57471
chr13	51863122	51863284	1	0.203840	5	0.00033126	8.0651e-05	0.45326	0.24942
chr13	51933719	51934195	1	0.104444	15	1.9798e-08	9.078e-05	0.82846	0.72401
chr13	52159883	52159937	1	-0.105472	5	0.0053203	0.052598	0.4088	0.51427
chr13	52160939	52160986	0.001034	-0.215043	8	1.2756e-13	5.8281e-08	0.42085	0.63589
chr13	52162539	52162664	1	-0.137453	5	1.0975e-05	0.00057975	0.17114	0.3086
chr13	52191987	52192126	0.0032311	-0.137267	5	8.4132e-07	1.8212e-07	0.57894	0.71621
chr13	52195648	52195722	0.07094	0.114679	7	3.445e-08	3.9984e-06	0.24799	0.13331
chr13	52195739	52195771	1	0.161484	5	2.0507e-07	0.00012244	0.33606	0.17457
chr13	52405552	52405661	3.716e-06	0.101143	15	4.5297e-14	2.0945e-10	0.22917	0.12802
chr13	52739029	52739111	1	0.146080	5	0.0001337	0.00027362	0.19597	0.049886
chr13	52740006	52740091	1	-0.100889	5	0.0039773	0.087322	0.46482	0.56571
chr13	52808631	52808818	0.55081	-0.171207	5	5.2734e-06	3.1046e-05	0.23069	0.4019
chr13	52815700	52815768	0.93863	0.100841	6	1.0134e-05	5.2905e-05	0.95736	0.85652
chr13	52826161	52826197	1	0.168668	5	0.00096404	0.029106	0.76434	0.59567
chr13	52826378	52826543	0.083938	0.108817	13	9.5954e-11	4.7311e-06	0.89025	0.78143
chr13	52848171	52848246	1.0364e-07	0.175777	18	4.7073e-14	5.8415e-12	0.32003	0.14425
chr13	52867894	52867923	0.1814	0.138982	6	4.7433e-09	1.0224e-05	0.68708	0.54809
chr13	52967697	52967936	0.089277	0.107088	8	5.2244e-08	5.032e-06	0.89133	0.78424
chr13	53028130	53028367	1	0.154749	10	2.2685e-05	0.020203	0.64962	0.49487
chr13	53028721	53029237	0.00010562	0.119103	19	7.5346e-12	5.9528e-09	0.70529	0.58618
chr13	53050968	53051234	0.025445	0.191208	5	1.9473e-09	1.4342e-06	0.85502	0.66382
chr13	53134950	53135118	0.32085	0.139812	6	7.5725e-09	1.8084e-05	0.7889	0.64909
chr13	53200817	53200910	0.077663	0.137653	16	1.3167e-12	4.3773e-06	0.28687	0.14921
chr13	53200989	53201016	1	0.103209	6	0.00020104	0.00080572	0.25113	0.14793
chr13	53452633	53452697	0.061248	0.109713	7	2.0692e-05	3.4521e-06	0.89247	0.78276
chr13	54133815	54134106	1	0.118565	7	0.00055469	0.0075761	0.72278	0.60421
chr13	54165968	54166206	0.58789	-0.167945	10	6.6692e-08	3.3135e-05	0.23848	0.40643
chr13	54318427	54318643	1	0.131927	10	1.6492e-05	0.00019645	0.82509	0.69317
chr13	54676664	54676820	5.4764e-06	0.136389	13	5.2625e-14	3.0867e-10	0.90312	0.76673
chr13	54677687	54677774	1	0.136854	5	0.0017219	0.020872	0.71293	0.57608
chr13	54737332	54737649	1.1215e-07	0.114152	25	4.2855e-14	6.3213e-12	0.88462	0.77046
chr13	54786956	54787058	1	0.135396	6	0.00046891	0.011521	0.67742	0.54202
chr13	54828367	54828558	1	0.117642	7	4.8955e-08	0.00010864	0.8759	0.75825
chr13	54829563	54829817	3.8447e-06	0.120581	16	4.5741e-14	2.167e-10	0.87808	0.7575
chr13	55614398	55614658	1	0.110043	5	0.00039187	0.012111	0.80859	0.69855
chr13	56658003	56658137	0.019716	0.122033	8	4.3043e-10	1.1113e-06	0.85928	0.73725
chr13	56735777	56735811	0.010628	0.136951	7	5.0611e-08	5.9903e-07	0.93582	0.79887
chr13	57285465	57285615	1	0.100829	8	1.7797e-05	8.7027e-05	0.85241	0.75158
chr13	57629452	57629464	0.0033683	0.172141	5	3.4699e-10	1.8985e-07	0.27408	0.10194
chr13	57629464	57629909	5.2718e-19	0.106668	59	4.3188e-14	2.9714e-23	0.20588	0.099212
chr13	57629909	57629956	0.86749	0.174006	5	3.2956e-06	4.8895e-05	0.32319	0.14919
chr13	57630084	57630153	1	0.114490	7	0.0010551	0.019725	0.2911	0.17661
chr13	57630153	57630188	3.4744e-09	0.249924	10	4.4853e-14	1.9583e-13	0.39141	0.14148
chr13	57630784	57630868	1.5012e-06	0.104119	14	4.1189e-14	8.4611e-11	0.19406	0.089938
chr13	57632878	57632958	6.8312e-07	0.225262	7	2.307e-13	3.8503e-11	0.4131	0.18783
chr13	57633455	57633582	0.0050208	0.210947	10	3.4135e-10	2.8299e-07	0.37074	0.15979
chr13	57634134	57634325	7.8054e-14	0.155666	31	4.2077e-14	4.3994e-18	0.33323	0.17757
chr13	57634953	57634979	5.7565e-05	0.170817	7	2.5719e-12	3.2446e-09	0.29534	0.12452
chr13	57653674	57653871	0.3185	-0.160741	5	8.8446e-07	1.7952e-05	0.45925	0.61999
chr13	58317816	58318129	1	0.115781	13	4.969e-06	0.0012212	0.81112	0.69534
chr13	58504458	58504711	0.0022124	0.149504	9	2.2563e-12	1.247e-07	0.94469	0.79518
chr13	58505635	58505920	1	0.109527	5	0.0038556	0.029971	0.87748	0.76795
chr13	58958301	58958523	4.2764e-09	0.103132	23	4.6518e-14	2.4103e-13	0.93781	0.83468
chr13	59409710	59409944	1	-0.126991	9	3.4742e-05	0.0028379	0.48451	0.6115
chr13	59439661	59439988	0.00022819	0.100325	12	8.8834e-11	1.2861e-08	0.90767	0.80734
chr13	59441252	59441509	1.2621e-22	0.290048	18	4.1966e-14	7.1138e-27	0.67441	0.38436
chr13	59452186	59452384	1.7675e-09	0.239516	14	4.1744e-14	9.9624e-14	0.53629	0.29678
chr13	59459121	59459314	1	0.139693	10	6.3468e-07	0.00056054	0.60807	0.46838
chr13	59635453	59635677	0.86142	0.115595	10	2.1072e-06	4.8553e-05	0.73375	0.61815
chr13	61339208	61339271	0.0011666	0.193208	9	3.5086e-12	6.5755e-08	0.88011	0.6869
chr13	61339284	61339349	1	0.106021	10	1.6562e-06	0.0016813	0.88495	0.77893
chr13	61339364	61339379	1	0.105360	5	0.0023164	0.024661	0.91326	0.8079
chr13	61413789	61413840	3.2788e-08	0.224833	8	4.341e-14	1.8481e-12	0.36956	0.14473
chr13	61413840	61413921	0.13619	0.100789	10	7.3395e-09	7.6762e-06	0.15403	0.053238
chr13	61670944	61670971	1	0.104169	6	9.2961e-06	0.00072254	0.91944	0.81527
chr13	61972054	61972324	1	0.101270	9	2.5109e-07	0.00012696	0.91229	0.81102
chr13	62379234	62379382	1.4014e-07	0.145667	20	4.5852e-14	7.8989e-12	0.88461	0.73894
chr13	62379571	62379656	1	0.108459	5	0.0011866	0.0081993	0.8473	0.73884
chr13	63306893	63306954	1	0.166866	5	1.1626e-06	9.5478e-05	0.77783	0.61097
chr13	63505294	63505643	3.9749e-11	0.156897	24	4.6851e-14	2.2404e-15	0.85987	0.70298
chr13	63593637	63593769	1	0.120293	5	1.1481e-05	0.00061983	0.8857	0.7654
chr13	63687173	63687489	0.0077288	0.138431	14	5.7429e-11	4.3562e-07	0.83475	0.69632
chr13	63847672	63847739	0.55148	0.105795	5	1.9455e-07	3.1083e-05	0.86764	0.76184
chr13	64076761	64077105	4.0997e-27	0.237649	28	4.0634e-14	2.3107e-31	0.6581	0.42045
chr13	64525841	64526044	0.00021991	0.135195	12	2.0938e-12	1.2395e-08	0.86055	0.72536
chr13	64685002	64685040	1	0.123443	5	0.00050708	0.001264	0.80738	0.68394
chr13	65662511	65662682	0.27796	0.114636	6	1.2503e-07	1.5667e-05	0.89663	0.78199
chr13	66009475	66009537	1	0.141120	7	1.8331e-07	0.00083967	0.84414	0.70302
chr13	66033029	66033207	0.0061076	0.157715	7	6.2561e-12	3.4424e-07	0.83697	0.67926
chr13	66354915	66355038	0.0003749	-0.175769	5	9.0479e-09	2.1131e-08	0.48896	0.66473
chr13	66561842	66562079	1	0.112933	5	2.8936e-05	0.0012107	0.87935	0.76642
chr13	66657344	66657488	1	-0.178272	5	8.3607e-06	0.0030287	0.34467	0.52294
chr13	67229110	67229128	0.0089403	0.120077	5	1.1377e-10	5.039e-07	0.21308	0.093002
chr13	67397648	67397836	2.8984e-05	0.111249	13	6.6613e-14	1.6337e-09	0.91387	0.80262
chr13	67769570	67769626	1	0.115785	5	6.8025e-06	0.0029251	0.88409	0.76831
chr13	67771940	67772162	1	0.109301	6	1.2661e-05	0.00022027	0.83031	0.72101
chr13	67773084	67773378	3.8292e-10	0.117482	32	4.3854e-14	2.1583e-14	0.90605	0.78857
chr13	70107846	70107878	1	0.115743	8	3.6493e-05	0.0010029	0.33209	0.21635
chr13	70424357	70424557	1	0.121739	6	9.2961e-06	0.00046482	0.86454	0.7428
chr13	70512277	70512429	1	0.110914	5	4.4303e-05	0.0043353	0.9139	0.80299
chr13	71877458	71877522	1	-0.132068	5	0.00048001	0.0072081	0.39273	0.5248
chr13	71879951	71880076	1	0.127626	6	6.3412e-07	0.00090965	0.78799	0.66037
chr13	72076301	72076403	0.0014198	0.142172	6	8.3022e-13	8.0026e-08	0.25366	0.11149
chr13	73061938	73062071	0.21815	-0.156232	8	1.5032e-09	1.2296e-05	0.41801	0.57424
chr13	73075604	73075905	5.9238e-16	-0.158640	35	4.1189e-14	3.3388e-20	0.45774	0.61638
chr13	73169241	73169306	0.026884	-0.185228	5	1.1625e-09	1.5153e-06	0.44702	0.63225
chr13	73249275	73249502	0.00051545	-0.171007	8	2.6268e-11	2.9053e-08	0.25578	0.42679
chr13	73913251	73913399	0.014109	0.134651	5	1.5174e-08	7.9523e-07	0.74186	0.60721
chr13	73938353	73938553	1	0.101150	5	0.0012926	0.0014876	0.79238	0.69123
chr13	74132986	74133077	0.00033775	0.181120	8	3.1472e-11	1.9037e-08	0.24253	0.061412
chr13	74231003	74231454	0.02086	0.152441	8	4.7964e-10	1.1757e-06	0.76956	0.61712
chr13	74718467	74718637	0.00079919	0.109097	18	8.6897e-13	4.5045e-08	0.95951	0.85041
chr13	74719415	74719477	0.31345	0.128067	5	4.3743e-06	1.7667e-05	0.89766	0.76959
chr13	75326304	75326680	6.7903e-35	0.322694	27	5.429e-14	3.8272e-39	0.78263	0.45994
chr13	75705026	75705250	2.5032e-17	-0.226187	19	3.8081e-14	1.4109e-21	0.33451	0.5607
chr13	75749530	75749626	1	-0.104823	5	0.0089046	0.055182	0.43487	0.5397
chr13	75759585	75760009	2.7554e-09	-0.185886	17	4.6629e-14	1.5531e-13	0.48808	0.67396
chr13	75870878	75871064	0.033491	-0.131344	12	5.6903e-08	1.8877e-06	0.38052	0.51187
chr13	76190239	76190308	0.36434	0.109333	12	9.3633e-07	2.0535e-05	0.88021	0.77088
chr13	76723715	76723807	2.2478e-07	0.320094	6	4.3521e-14	1.267e-11	0.66274	0.34264
chr13	76824979	76825033	1	0.121598	5	1.2832e-06	7.3242e-05	0.90441	0.78282
chr13	76829341	76829451	0.00024872	-0.254687	5	9.1872e-12	1.4019e-08	0.31627	0.57095
chr13	76887050	76887208	0.0012838	-0.105478	17	6.1506e-14	7.2357e-08	0.16252	0.268
chr13	76887224	76887376	9.3583e-14	-0.205594	17	4.2966e-14	5.2747e-18	0.29235	0.49795
chr13	76976543	76976579	1	0.165313	5	6.2201e-07	0.00024105	0.78889	0.62358
chr13	76981384	76981449	0.2914	-0.185721	7	5.052e-09	1.6424e-05	0.60065	0.78638
chr13	76991090	76991624	1	0.142640	12	1.6368e-06	9.128e-05	0.74599	0.60335
chr13	76991624	76991646	2.3168e-10	0.316253	7	4.5186e-14	1.3058e-14	0.75979	0.44354
chr13	77001844	77001944	1	0.101487	5	5.4632e-05	6.0831e-05	0.7782	0.67671
chr13	77324957	77325222	1	0.115319	5	0.088108	0.03424	0.26657	0.15125
chr13	77383248	77383458	1	-0.159517	5	7.449e-05	0.00014687	0.502	0.66151
chr13	77918258	77918517	1.0213e-06	0.120007	29	4.6962e-14	5.7564e-11	0.34714	0.22714
chr13	77918714	77918753	0.0022508	0.169189	8	2.085e-11	1.2686e-07	0.27682	0.10763
chr13	77918930	77918983	6.243e-08	0.111289	12	4.3743e-14	3.5188e-12	0.16745	0.056161
chr13	77919651	77919667	1	0.102781	5	1.9442e-06	5.6573e-05	0.15936	0.056575
chr13	77970358	77970521	1	0.107677	5	0.0001727	0.00096863	0.90736	0.79968
chr13	78059613	78059797	0.00044532	0.132817	10	7.4676e-11	2.51e-08	0.91651	0.78369
chr13	78258186	78258350	0.42175	-0.133683	6	1.7286e-07	2.3771e-05	0.26378	0.39746
chr13	78586931	78587039	7.7237e-09	0.179151	21	4.3743e-14	4.3533e-13	0.44468	0.26553
chr13	78594279	78594429	1	0.107354	11	1.7595e-07	0.00013209	0.28388	0.17652
chr13	78607202	78607239	1	0.129243	5	5.2399e-05	0.0018737	0.33886	0.20962
chr13	78607565	78607812	1	0.110417	5	0.0016934	0.01566	0.26655	0.15613
chr13	78607942	78607955	1	0.113649	5	0.00082325	0.0012658	0.20232	0.088675
chr13	78608069	78608086	1	0.116915	5	0.0032961	0.052513	0.29765	0.18073
chr13	78660008	78660219	3.3702e-10	0.274929	10	4.2966e-14	1.8996e-14	0.51463	0.2397
chr13	79227131	79227233	1	0.126151	5	0.00066508	0.0041039	0.62387	0.49772
chr13	79394032	79394208	9.8271e-08	0.242443	12	4.3743e-14	5.5389e-12	0.59987	0.35743
chr13	79491736	79491898	8.6268e-06	-0.214537	5	8.9884e-13	4.8623e-10	0.26779	0.48233
chr13	79741135	79741265	7.6123e-06	-0.232426	7	4.5963e-14	4.2905e-10	0.26739	0.49981
chr13	79783013	79783181	1.257e-05	-0.117268	10	2.1205e-13	7.0851e-10	0.1287	0.24597
chr13	79869292	79869340	1	-0.161850	5	9.2973e-07	0.00021291	0.2703	0.43215
chr13	80011043	80011247	0.0028925	0.102496	8	3.3061e-11	1.6303e-07	0.89627	0.79378
chr13	80037933	80038022	1	0.124822	5	7.2881e-06	0.0012956	0.80755	0.68273
chr13	80048989	80049027	1.3722e-11	0.323298	7	3.9635e-14	7.7342e-16	0.54828	0.22498
chr13	80337394	80337781	1.1228e-35	-0.258274	30	4.4742e-14	6.3282e-40	0.21943	0.47771
chr13	80345344	80345385	0.061946	0.114528	6	2.6526e-10	3.4915e-06	0.91381	0.79928
chr13	80359969	80360045	6.7117e-05	0.196161	8	9.2482e-14	3.783e-09	0.45681	0.26065
chr13	80489838	80489937	1	0.125474	5	1.9442e-06	9.463e-05	0.88726	0.76179
chr13	80489963	80490145	1	0.100518	6	0.03044	0.085327	0.68393	0.58341
chr13	80654800	80655273	7.7919e-11	0.210022	23	4.2299e-14	4.3918e-15	0.64876	0.43874
chr13	81690021	81690097	0.45537	0.114052	9	2.6794e-07	2.5666e-05	0.9313	0.81724
chr13	81874557	81874639	1	-0.171718	5	6.1884e-05	0.00013937	0.29649	0.4682
chr13	81984128	81984490	1.2566e-07	0.128604	20	4.6407e-14	7.0826e-12	0.83529	0.70668
chr13	82457778	82458101	1.6781e-05	0.112482	16	4.4964e-14	9.4583e-10	0.87954	0.76706
chr13	83221800	83221886	0.00038525	0.104490	7	4.494e-10	2.1714e-08	0.84982	0.74533
chr13	83516799	83516830	0.43865	0.150613	5	1.3815e-06	2.4724e-05	0.94239	0.79178
chr13	83878795	83879530	4.1678e-08	0.108494	41	4.452e-14	2.3491e-12	0.2709	0.1624
chr13	83879530	83879572	5.5991e-11	0.238020	11	4.2855e-14	3.1559e-15	0.4157	0.17768
chr13	83879734	83880040	3.3977e-08	0.182521	14	4.1966e-14	1.9151e-12	0.35782	0.1753
chr13	83880329	83880361	0.66988	0.150602	5	1.4539e-07	3.7757e-05	0.40143	0.25083
chr13	83880783	83880894	0.19776	0.172247	8	1.2175e-09	1.1147e-05	0.34501	0.17276
chr13	83881607	83882034	3.694e-05	0.115061	11	4.1966e-14	2.0821e-09	0.22475	0.10968
chr13	83882144	83882392	8.2975e-10	0.148779	20	4.4409e-14	4.6767e-14	0.25417	0.10539
chr13	84086549	84086723	0.0021288	0.123379	31	9.1482e-14	1.1999e-07	0.81976	0.69638
chr13	84579815	84580117	1	0.102618	10	2.4156e-06	0.00081451	0.80877	0.70616
chr13	85694093	85694283	1	0.181448	5	3.3623e-05	0.00025443	0.70639	0.52494
chr13	85799184	85799658	0.011518	-0.159435	7	1.877e-09	6.4918e-07	0.20353	0.36297
chr13	87675671	87676516	5.8713e-14	0.142808	41	4.7296e-14	3.3093e-18	0.77112	0.62831
chr13	87676517	87677296	5.0728e-07	0.125254	40	4.1522e-14	2.8592e-11	0.70906	0.5838
chr13	88291896	88292009	0.31325	0.119861	7	7.4959e-06	1.7656e-05	0.92067	0.80081
chr13	89362121	89362674	0.0011479	0.108174	14	4.1311e-13	6.4699e-08	0.88999	0.78182
chr13	89611782	89611977	1	0.147736	6	3.4937e-05	0.00037335	0.85368	0.70594
chr13	89884036	89884151	1	0.148688	9	2.9571e-06	0.000112	0.91098	0.7623
chr13	90008999	90009161	1	0.144403	7	6.4948e-05	0.0071907	0.65136	0.50696
chr13	90348887	90348957	0.032793	0.118947	7	1.2152e-08	1.8483e-06	0.94159	0.82265
chr13	90495041	90495125	1	0.144672	7	7.9225e-06	6.1624e-05	0.87415	0.72948
chr13	91175005	91175113	1	0.195095	5	0.00033126	0.032949	0.32962	0.13452
chr13	91175287	91175419	0.0093533	0.120141	19	2.3987e-11	5.2718e-07	0.24401	0.12386
chr13	91178685	91178794	1	0.120082	5	0.0032445	0.064135	0.72457	0.60449
chr13	91395062	91395180	1	0.132706	5	1.9455e-07	0.00043915	0.828	0.69529
chr13	91402932	91403133	1	0.111607	5	8.3607e-06	6.6012e-05	0.84702	0.73541
chr13	91521741	91521918	0.00083171	0.188702	6	9.3362e-12	4.6878e-08	0.78054	0.59183
chr13	91796180	91796351	1	0.166005	6	6.0822e-08	0.00014441	0.86586	0.69986
chr13	93206856	93207174	1.1742e-18	0.138913	35	4.0745e-14	6.6179e-23	0.88554	0.74663
chr13	93225245	93225460	0.00022528	0.175500	7	1.0433e-10	1.2698e-08	0.41622	0.24072
chr13	93337647	93337752	0.95893	0.180833	6	1.276e-07	5.4049e-05	0.68989	0.50906
chr13	93454735	93455337	1.5806e-08	0.112527	51	4.1189e-14	8.9088e-13	0.82245	0.70993
chr13	93847307	93847401	0.058934	0.149929	5	4.1719e-08	3.3217e-06	0.75528	0.60535
chr13	94112345	94112430	5.6742e-06	-0.223952	6	5.0182e-14	3.1982e-10	0.27951	0.50347
chr13	94218492	94218618	1	0.103032	6	3.4937e-05	0.00058005	0.84323	0.7402
chr13	94312951	94313126	0.0036346	0.150013	11	1.1002e-13	2.0486e-07	0.79075	0.64074
chr13	94327374	94327587	1.6695e-10	0.286784	9	4.2299e-14	9.4098e-15	0.5031	0.21632
chr13	94480981	94481086	1	0.147617	5	6.4961e-06	0.0012435	0.71551	0.56789
chr13	94704788	94705391	8.5659e-05	0.141473	30	4.3854e-14	4.828e-09	0.34789	0.20641
chr13	94707896	94708058	1	0.116592	5	0.00012849	0.0066793	0.22452	0.10792
chr13	94861251	94861395	2.2296e-08	0.238513	9	4.4409e-14	1.2567e-12	0.45195	0.21344
chr13	95552263	95552824	1.0752e-07	0.115192	29	4.341e-14	6.0605e-12	0.23743	0.12224
chr13	95641222	95641636	1.482e-13	-0.210316	20	4.4853e-14	8.3529e-18	0.34733	0.55765
chr13	95645072	95645095	1	0.135444	5	5.6541e-06	0.00047258	0.55195	0.41651
chr13	96020159	96020339	1	-0.155272	5	0.0001337	0.0016593	0.30815	0.46342
chr13	96474366	96474614	1	0.118696	7	1.2798e-06	0.00093537	0.78289	0.6642
chr13	96986903	96987100	1	0.103935	11	2.6103e-08	0.00019845	0.86362	0.75969
chr13	96988328	96988495	1	0.122556	5	2.3382e-07	0.00011321	0.88671	0.76415
chr13	96994874	96994996	1	-0.134982	11	6.3335e-09	0.00011104	0.25617	0.39115
chr13	97068036	97068144	1	0.116536	7	5.1586e-07	0.00015324	0.7746	0.65806
chr13	97141798	97141924	0.37544	-0.117290	5	5.4792e-07	2.1161e-05	0.1239	0.24119
chr13	97221552	97221693	0.31139	-0.191552	5	1.1728e-08	1.7551e-05	0.20076	0.39232
chr13	97221693	97222026	1	-0.107043	13	5.2927e-07	9.3741e-05	0.15229	0.25933
chr13	97367282	97367368	0.0058334	0.195938	5	5.0527e-10	3.2879e-07	0.75196	0.55603
chr13	97430723	97430880	6.8855e-06	-0.280085	5	4.0556e-13	3.8809e-10	0.48751	0.76759
chr13	97502322	97502437	1	0.139887	7	2.2995e-05	0.0030031	0.73746	0.59758
chr13	97545160	97545441	1	0.104494	8	3.5359e-07	0.00010361	0.9571	0.85261
chr13	97546300	97546699	1.0094e-05	0.152884	23	4.2855e-14	5.6891e-10	0.74425	0.59136
chr13	97621758	97621830	0.14238	0.159958	11	9.253e-10	8.0249e-06	0.71129	0.55133
chr13	97934775	97934854	0.00027371	-0.216887	5	8.5848e-12	1.5427e-08	0.34721	0.56409
chr13	97953631	97953697	1	0.105699	5	3.9295e-07	0.00024465	0.82459	0.71889
chr13	97953842	97953943	9.8055e-07	0.236576	8	4.4631e-14	5.5267e-11	0.63417	0.39759
chr13	98147011	98147233	1	0.116895	5	0.00070173	0.0060109	0.58784	0.47095
chr13	98173639	98173806	1	0.127969	5	0.00023541	0.0049595	0.66741	0.53944
chr13	98217516	98217590	0.040042	0.136525	5	5.9667e-08	2.2569e-06	0.7863	0.64978
chr13	98343719	98343866	1	0.126733	7	6.6939e-07	0.00015378	0.78427	0.65754
chr13	98350064	98350131	1.4952e-09	0.242098	10	4.0745e-14	8.4276e-14	0.77964	0.53755
chr13	98448892	98448994	1	0.111998	7	9.0697e-05	0.00080775	0.82268	0.71068
chr13	98472015	98472125	1	-0.154686	6	0.0068416	0.013647	0.49359	0.64827
chr13	98473958	98474123	0.0070327	-0.230407	6	2.8223e-09	3.9639e-07	0.38143	0.61184
chr13	98476944	98477072	1	0.128877	7	5.876e-08	0.00013043	0.86202	0.73315
chr13	98483193	98483628	8.9299e-31	-0.244501	34	4.3632e-14	5.0332e-35	0.25593	0.50043
chr13	98507277	98507403	0.00065117	-0.185428	6	4.8733e-11	3.6702e-08	0.22764	0.41307
chr13	98543498	98543865	1.0005e-09	0.179957	20	4.4409e-14	5.6392e-14	0.74538	0.56542
chr13	98565989	98566068	0.1118	-0.242998	5	5.514e-09	6.3015e-06	0.30003	0.54302
chr13	98578008	98578150	4.6779e-07	-0.228731	11	4.6629e-14	2.6366e-11	0.4141	0.64283
chr13	98748803	98748982	0.094867	0.143324	8	2.0335e-10	5.347e-06	0.81442	0.6711
chr13	98893187	98893329	9.1792e-08	0.225112	7	4.5075e-14	5.1737e-12	0.80473	0.57962
chr13	98977628	98978330	7.8961e-60	-0.269889	31	3.908e-14	4.4505e-64	0.19815	0.46804
chr13	99085194	99085322	1	0.122425	5	0.0023544	0.0087014	0.51128	0.38886
chr13	99215568	99215840	1.1164e-14	0.146435	25	4.6962e-14	6.2922e-19	0.81163	0.66519
chr13	99217580	99217686	2.1878e-10	0.245922	8	4.4076e-14	1.2331e-14	0.85036	0.60444
chr13	99228625	99228789	1.3354e-06	0.280052	6	2.4791e-13	7.527e-11	0.62531	0.34526
chr13	99258212	99258344	3.2135e-18	0.383162	7	4.4853e-14	1.8113e-22	0.65857	0.2754
chr13	99296024	99296114	0.1384	0.176718	6	5.305e-09	7.8008e-06	0.81771	0.64099
chr13	99307351	99307520	2.3698e-09	0.301920	6	4.2299e-14	1.3357e-13	0.59142	0.2895
chr13	99351842	99351949	1	0.105265	8	1.48e-06	0.0014107	0.85758	0.75231
chr13	99354790	99355077	2.4828e-15	0.231287	18	4.6407e-14	1.3994e-19	0.78257	0.55128
chr13	99355848	99356197	1	0.151304	5	0.0018101	0.007143	0.75502	0.60372
chr13	99356605	99356841	3.493e-07	0.280149	7	4.4076e-14	1.9688e-11	0.5809	0.30075
chr13	99367284	99367394	1	0.128591	5	2.7236e-06	0.00014999	0.88879	0.7602
chr13	99432784	99433202	4.8007e-57	0.315805	30	4.5963e-14	2.7058e-61	0.45937	0.14357
chr13	99464756	99464939	9.7542e-06	0.219622	8	8.139e-09	5.4978e-10	0.50371	0.28409
chr13	99496031	99496214	1	0.172434	5	5.3975e-06	0.00055361	0.5878	0.41537
chr13	99496925	99497113	4.6953e-07	0.282038	7	4.1522e-14	2.6464e-11	0.54466	0.26262
chr13	99657866	99658211	5.0014e-72	0.320716	56	6.9167e-14	2.819e-76	0.55716	0.23645
chr13	99724683	99724716	1	-0.135400	8	1.1636e-09	7.7918e-05	0.58298	0.71838
chr13	99742091	99742213	1.4781e-07	-0.186877	12	4.7629e-14	8.3311e-12	0.32424	0.51111
chr13	99845219	99845362	0.0090504	0.102993	8	2.4964e-09	5.1011e-07	0.87798	0.77499
chr13	99870866	99870970	1.0031e-11	-0.242641	12	4.0301e-14	5.6541e-16	0.42204	0.66468
chr13	99896603	99896764	0.00070714	0.102707	12	3.1018e-10	3.9857e-08	0.90087	0.79816
chr13	99926257	99926516	8.9993e-05	-0.148117	20	4.1744e-14	5.0723e-09	0.28567	0.43379
chr13	99926565	99926690	1.3007e-06	-0.178947	14	4.1078e-14	7.3314e-11	0.32825	0.5072
chr13	99953186	99953251	1	-0.172685	8	1.2948e-06	0.00039623	0.36923	0.54192
chr13	99959013	99959059	0.012837	0.161580	8	7.375e-10	7.2353e-07	0.4034	0.24182
chr13	99963910	99964014	1	-0.142836	5	3.7403e-05	0.00037816	0.35333	0.49617
chr13	99971917	99971953	1	0.102161	7	3.7105e-06	0.0017998	0.27034	0.16817
chr13	99978061	99978086	1	0.150987	5	1.0975e-05	0.0009394	0.47452	0.32354
chr13	99997751	99997819	1	0.108255	6	0.006395	0.021392	0.34286	0.23461
chr13	100101091	100101132	0.0047716	-0.186376	8	1.6807e-11	2.6894e-07	0.67484	0.86122
chr13	100484848	100485001	0.14166	-0.216733	5	1.3539e-09	7.9845e-06	0.28623	0.50296
chr13	100517543	100517664	0.70231	-0.183234	7	3.445e-08	3.9585e-05	0.40367	0.5869
chr13	100521320	100522279	9.6014e-68	0.211363	65	2.8311e-14	5.4117e-72	0.80677	0.5954
chr13	100533700	100533716	4.3641e-05	-0.306927	5	1.199e-13	2.4598e-09	0.29149	0.59842
chr13	100533716	100533945	1	-0.123551	17	9.8331e-08	9.6629e-05	0.56417	0.68772
chr13	100585122	100585211	0.0037433	0.213556	5	5.049e-09	2.1099e-07	0.73068	0.51712
chr13	100588960	100589111	1	-0.180043	5	4.2728e-06	0.00047756	0.29907	0.47912
chr13	100975799	100975911	1	0.110559	16	1.2415e-06	0.00032606	0.63726	0.5267
chr13	101138675	101138742	0.14878	-0.161508	6	6.8899e-08	8.3856e-06	0.36751	0.52902
chr13	101258390	101258585	1.0425e-08	0.115060	27	4.2522e-14	5.876e-13	0.82138	0.70632
chr13	101706759	101706894	8.2353e-17	0.360113	7	4.6629e-14	4.6417e-21	0.60294	0.24282
chr13	101722157	101722404	1	0.102023	7	6.5926e-07	7.1303e-05	0.88271	0.78069
chr13	101867668	101867794	1	0.143274	5	0.00010951	0.00032257	0.50345	0.36017
chr13	101916205	101916293	7.3715e-05	0.137675	10	1.5166e-13	4.1549e-09	0.23677	0.099092
chr13	101919863	101919912	1.3313e-11	0.156486	14	4.5963e-14	7.5034e-16	0.28883	0.13235
chr13	102033877	102033996	1	0.107247	5	1.8726e-05	0.0045087	0.8307	0.72345
chr13	102069408	102069708	0.0013558	0.153296	9	5.4761e-11	7.6416e-08	0.7766	0.62331
chr13	102368026	102368163	0.050412	0.155453	7	3.9365e-10	2.8414e-06	0.74237	0.58692
chr13	102394963	102395003	1	0.118484	8	3.9157e-07	0.00016871	0.39302	0.27454
chr13	102774245	102774677	1	0.106159	13	6.2969e-09	8.198e-05	0.91682	0.81066
chr13	103066332	103066600	0.029401	-0.149627	10	2.8389e-11	1.6572e-06	0.23328	0.38291
chr13	103067335	103067952	1.0377e-09	0.135730	17	4.0079e-14	5.8487e-14	0.83851	0.70278
chr13	103187914	103188123	1	-0.125281	9	5.0643e-05	0.0071281	0.38681	0.51209
chr13	103350855	103350975	1	0.102227	10	0.0011528	0.0037358	0.64514	0.54291
chr13	103600877	103601063	1	0.112013	9	3.4964e-06	0.00023792	0.90157	0.78955
chr13	104586147	104586206	6.3539e-11	-0.256613	8	4.13e-14	3.5813e-15	0.23221	0.48882
chr13	104831918	104831998	0.24792	0.108065	10	8.7416e-09	1.3974e-05	0.82223	0.71417
chr13	105139500	105140156	1.6142e-47	0.325134	28	5.1181e-14	9.0983e-52	0.58238	0.25725
chr13	105474548	105474675	1	0.118757	5	1.1742e-05	0.0013202	0.86164	0.74289
chr13	105991697	105991835	0.0067933	-0.220700	5	3.5086e-11	3.8289e-07	0.34219	0.56289
chr13	106156679	106156843	0.034861	0.147748	5	1.5174e-08	1.9649e-06	0.86774	0.71999
chr13	106230104	106230351	0.02996	0.140548	5	3.8129e-10	1.6886e-06	0.89301	0.75246
chr13	106319220	106319357	0.00025664	0.294482	5	1.0879e-11	1.4465e-08	0.59561	0.30113
chr13	106376449	106377192	3.6272e-09	0.110752	36	4.2522e-14	2.0444e-13	0.76809	0.65734
chr13	106426005	106426046	1	0.128824	5	3.8296e-07	8.2309e-05	0.89865	0.76983
chr13	106472099	106472292	8.5516e-14	-0.226668	15	4.0856e-14	4.82e-18	0.17273	0.3994
chr13	106480093	106480111	0.0080521	0.164507	5	7.5626e-10	4.5384e-07	0.87518	0.71067
chr13	106488234	106488415	0.0036185	-0.192788	8	1.2666e-11	2.0395e-07	0.34428	0.53707
chr13	106491535	106491706	5.0352e-19	0.283473	16	4.3521e-14	2.838e-23	0.73939	0.45592
chr13	106493211	106493437	3.5126e-08	0.131325	23	3.9524e-14	1.9798e-12	0.87213	0.74081
chr13	106493484	106493958	4.4619e-59	0.391704	29	3.7415e-14	2.5149e-63	0.66826	0.27656
chr13	106520464	106520535	1	-0.144254	6	1.7585e-06	0.00045281	0.54255	0.68681
chr13	106702532	106702646	1	0.103106	7	5.0021e-07	0.00023248	0.83229	0.72919
chr13	106799556	106799636	0.0014615	0.209911	7	2.1287e-11	8.2373e-08	0.49001	0.2801
chr13	106919541	106919716	2.2864e-15	0.305213	12	3.7081e-14	1.2887e-19	0.63667	0.33146
chr13	106996602	106996697	1	0.111698	5	0.0001761	0.0088787	0.84854	0.73684
chr13	107034899	107035335	1	0.112805	8	1.4294e-05	0.00066366	0.87546	0.76266
chr13	107170526	107170573	0.62436	0.122640	6	1.2107e-06	3.5191e-05	0.8402	0.71756
chr13	107258623	107258678	0.00013061	-0.172931	6	3.9735e-13	7.3615e-09	0.29816	0.47109
chr13	107847672	107847799	1	-0.125177	5	1.4683e-05	0.0029261	0.33441	0.45958
chr13	107865955	107866063	1	0.114882	11	9.9959e-08	0.00016666	0.22779	0.11291
chr13	107896806	107897021	0.63754	0.147214	5	5.0763e-07	3.5934e-05	0.9254	0.77818
chr13	108268452	108268704	1	0.105021	5	0.00010734	0.00026406	0.90124	0.79622
chr13	108269925	108270403	3.1929e-40	0.149637	32	4.7073e-14	1.7996e-44	0.19924	0.049605
chr13	108496606	108496783	2.3996e-05	0.112710	12	4.4964e-14	1.3525e-09	0.18067	0.067964
chr13	109098528	109098656	0.0011457	0.121583	8	2.1625e-08	6.4576e-08	0.91028	0.78869
chr13	109142119	109142180	1	0.113831	5	0.0084071	0.11441	0.68587	0.57204
chr13	109160062	109160140	0.074425	0.118135	8	2.4596e-09	4.1949e-06	0.88317	0.76504
chr13	109319283	109319435	1.7457e-06	0.139519	16	4.3188e-14	9.8396e-11	0.9	0.76048
chr13	109332249	109332337	0.010994	-0.206739	5	8.8223e-10	6.1966e-07	0.19087	0.39761
chr13	109357443	109357591	1	0.102011	5	0.0086526	0.0040156	0.64084	0.53883
chr13	109627355	109627464	1.4812e-06	0.185158	8	4.3188e-14	8.3485e-11	0.78617	0.60101
chr13	109667214	109667381	8.9161e-07	0.125216	15	4.6296e-14	5.0254e-11	0.77022	0.645
chr13	109685233	109685427	1	-0.150222	8	5.8676e-07	0.00016996	0.30022	0.45044
chr13	109731824	109732036	1	0.135745	5	0.0059103	0.08809	0.70284	0.56709
chr13	109744539	109744918	6.2639e-14	-0.252643	20	4.2077e-14	3.5305e-18	0.27517	0.52782
chr13	109779264	109779396	1	0.231988	5	1.5333e-07	0.00026987	0.44774	0.21575
chr13	109781235	109781320	0.38059	-0.134071	12	8.6615e-06	2.1451e-05	0.6874	0.82147
chr13	109869773	109869827	0.011189	0.174014	10	8.189e-11	6.3067e-07	0.52905	0.35503
chr13	109881167	109881444	0.012541	0.222830	5	5.3545e-09	7.0684e-07	0.84363	0.6208
chr13	110047010	110047040	0.55572	0.142563	7	4.7351e-08	3.1322e-05	0.68806	0.54549
chr13	110094981	110095106	0.0037011	-0.210252	5	3.5808e-10	2.0861e-07	0.1605	0.37075
chr13	110106991	110107078	1	0.106645	5	0.00014471	0.0074414	0.83407	0.72743
chr13	110126661	110126889	5.8187e-07	0.332403	6	4.0523e-14	3.2796e-11	0.68589	0.35349
chr13	110137308	110137442	1	0.113347	5	0.0048575	0.059863	0.40014	0.28679
chr13	110183362	110183479	1	0.139111	5	2.0406e-06	0.0010484	0.86632	0.72721
chr13	110185979	110186050	0.34111	0.128107	6	1.5946e-07	1.9226e-05	0.90523	0.77712
chr13	110265434	110265477	1	0.111355	5	1.9142e-05	0.00022798	0.89285	0.7815
chr13	110265477	110265538	5.7645e-06	0.255362	7	4.5519e-14	3.2491e-10	0.72518	0.46982
chr13	110265989	110266033	1	0.125157	5	1.3134e-05	0.0014086	0.89744	0.77228
chr13	110266220	110266262	1	0.118429	7	4.5041e-08	0.00019032	0.89379	0.77536
chr13	110266289	110266378	0.025573	0.152288	14	8.9506e-13	1.4414e-06	0.75202	0.59974
chr13	110282896	110282979	1	0.124326	5	0.0006771	0.00094163	0.88453	0.7602
chr13	110285216	110285288	1	0.150026	5	9.7051e-05	0.0026198	0.77429	0.62427
chr13	110285351	110285426	1	0.100360	5	4.2728e-06	0.00050506	0.91824	0.81788
chr13	110298632	110298933	6.7085e-49	0.341009	28	3.2419e-14	3.7812e-53	0.57948	0.23847
chr13	110306013	110306157	0.02143	0.198220	8	5.943e-11	1.2079e-06	0.35281	0.15459
chr13	110309231	110309355	0.01832	-0.106896	11	8.1704e-11	1.0326e-06	0.13105	0.23794
chr13	110309474	110309528	0.23203	-0.128125	12	1.6179e-08	1.3078e-05	0.51009	0.63822
chr13	110311769	110311846	1	0.199712	5	5.9667e-08	7.0737e-05	0.67137	0.47166
chr13	110323325	110323387	1	0.110454	5	7.004e-05	0.0098337	0.87018	0.75973
chr13	110325633	110325705	1.1277e-13	0.309717	9	4.0745e-14	6.3562e-18	0.74985	0.44013
chr13	110340648	110340735	1	0.142135	5	1.8726e-05	0.00071711	0.82993	0.68779
chr13	110341091	110341328	1.7873e-28	0.235592	26	3.908e-14	1.0074e-32	0.49198	0.25639
chr13	110347983	110348059	1	0.136614	8	2.1405e-05	0.0013265	0.69828	0.56167
chr13	110379721	110379894	1	0.133797	5	0.00019037	0.002616	0.80873	0.67493
chr13	110387512	110387989	1.7165e-26	0.280235	29	3.7526e-14	9.6745e-31	0.46969	0.18945
chr13	110388222	110388233	1	0.150585	5	6.8614e-05	0.007784	0.54985	0.39927
chr13	110396147	110396302	0.072631	0.163156	9	2.8143e-06	4.0937e-06	0.84569	0.68254
chr13	110409838	110410021	6.8317e-15	0.280130	16	4.5852e-14	3.8506e-19	0.6995	0.41937
chr13	110424963	110425035	0.13449	-0.208167	5	1.7997e-08	7.5803e-06	0.33317	0.54134
chr13	110436881	110436991	0.14075	0.198226	7	7.8562e-09	7.9331e-06	0.75776	0.55953
chr13	110441501	110441673	1.4445e-05	-0.204545	8	2.7855e-13	8.1417e-10	0.42662	0.63116
chr13	110443904	110444040	1	0.121883	5	0.0015837	0.06207	0.68108	0.5592
chr13	110454728	110454909	1	0.109467	12	2.072e-06	0.0048143	0.78881	0.67935
chr13	110457279	110457414	0.20281	0.129231	6	3.5232e-08	1.1431e-05	0.93013	0.8009
chr13	110458775	110458908	1	0.122634	7	0.00075156	0.010002	0.83568	0.71305
chr13	110465505	110465584	9.799e-05	0.121272	9	8.3378e-14	5.5231e-09	0.96397	0.8427
chr13	110475157	110475809	7.048e-05	0.118700	33	4.6629e-14	3.9725e-09	0.80072	0.68202
chr13	110512350	110512702	6.0701e-16	0.169541	23	4.0079e-14	3.4213e-20	0.84838	0.67884
chr13	110513030	110513055	1	0.101565	6	0.0037092	0.020667	0.70012	0.59855
chr13	110523242	110523418	1.5466e-11	0.280588	11	4.1744e-14	8.717e-16	0.75437	0.47378
chr13	110527636	110527733	0.00078974	-0.187972	7	1.9244e-11	4.4512e-08	0.3978	0.58577
chr13	110541410	110541520	0.0025079	-0.206222	6	1.9846e-10	1.4135e-07	0.19795	0.40417
chr13	110559756	110559926	1.0115e-19	-0.266762	15	4.1189e-14	5.7014e-24	0.16896	0.43572
chr13	110562701	110562916	1.1181e-05	-0.214549	12	4.4076e-14	6.3018e-10	0.32773	0.54227
chr13	110625662	110625812	3.6295e-06	-0.238066	6	2.5968e-13	2.0457e-10	0.37152	0.60959
chr13	110641507	110641586	1	-0.117196	5	0.0036222	0.033478	0.61076	0.72796
chr13	110643353	110643382	1	0.101561	5	0.0017219	0.018592	0.7923	0.69073
chr13	110651290	110651334	1	0.101017	5	0.00055538	0.00349	0.92139	0.82037
chr13	110653396	110653589	1.7815e-07	0.146491	16	4.0967e-14	1.0041e-11	0.85036	0.70387
chr13	110665537	110666592	7.9052e-22	0.174754	43	4.5519e-14	4.4557e-26	0.85764	0.68289
chr13	110676804	110676960	0.0057102	0.208811	6	5.3855e-11	3.2185e-07	0.74094	0.53213
chr13	110797532	110797588	1	-0.151154	5	5.2734e-06	7.701e-05	0.24732	0.39848
chr13	110799533	110799756	1.6228e-17	0.218583	23	3.7081e-14	9.1469e-22	0.6153	0.39671
chr13	110810288	110810438	1	-0.155986	5	5.5782e-05	0.0025773	0.33457	0.49055
chr13	110822341	110822609	3.3376e-10	0.120428	21	4.1966e-14	1.8812e-14	0.89667	0.77624
chr13	110853456	110853533	1	-0.200573	5	1.451e-06	0.0011189	0.3767	0.57727
chr13	110869594	110869657	0.029599	0.241365	5	1.3539e-09	1.6683e-06	0.70782	0.46646
chr13	110869673	110869847	1	0.101897	7	0.012297	0.0075143	0.54273	0.44083
chr13	110869847	110869918	2.2538e-11	0.239869	9	4.3965e-14	1.2703e-15	0.50964	0.26977
chr13	110869928	110870212	2.0825e-05	0.119529	20	4.3965e-14	1.1738e-09	0.27407	0.15454
chr13	110870212	110870681	1	-0.103178	27	5.7174e-10	0.00055521	0.28087	0.38405
chr13	110888056	110888172	0.0050817	-0.178618	9	4.4639e-11	2.8642e-07	0.5012	0.67982
chr13	110912795	110912838	1	-0.175291	5	3.9471e-08	6.7306e-05	0.1719	0.34719
chr13	110990094	110990135	1	0.120218	5	3.3623e-05	0.002816	0.85257	0.73235
chr13	111018243	111018295	1	0.102555	5	0.00030149	0.023033	0.91104	0.80849
chr13	111056563	111056673	0.048514	0.202011	5	7.0288e-08	2.7344e-06	0.88725	0.68524
chr13	111056820	111056946	1	0.127206	5	1.535e-05	0.0007837	0.73903	0.61182
chr13	111069802	111070024	1	0.105124	5	6.0615e-05	0.0016245	0.86668	0.76156
chr13	111152881	111153045	1.0224e-05	-0.252506	8	4.2188e-14	5.7624e-10	0.22956	0.48206
chr13	111154617	111154732	1	-0.159629	5	4.2728e-06	0.00046286	0.2246	0.38423
chr13	111177121	111177291	1	0.185562	6	7.1816e-08	0.00010085	0.52173	0.33617
chr13	111185259	111185449	0.36108	0.200304	5	7.0288e-08	2.0352e-05	0.73504	0.53474
chr13	111186756	111186908	3.6269e-12	0.179206	12	4.0745e-14	2.0442e-16	0.86151	0.68231
chr13	111189250	111189517	0.00098944	0.157521	11	7.5864e-10	5.5768e-08	0.72347	0.56595
chr13	111201771	111201828	3.2672e-10	0.434625	5	4.2411e-14	1.8415e-14	0.81991	0.38528
chr13	111304219	111304446	4.0818e-22	0.220013	20	4.3077e-14	2.3007e-26	0.78474	0.56472
chr13	111325068	111325162	1	0.135362	5	0.00039921	0.0060241	0.73898	0.60362
chr13	111328049	111328220	0.28709	0.126182	10	7.9324e-08	1.6182e-05	0.81439	0.6882
chr13	111402600	111402629	1	-0.140144	5	8.6263e-07	0.00034053	0.62784	0.76799
chr13	111409527	111409640	0.0030932	-0.192560	8	2.4947e-10	1.7434e-07	0.35952	0.55208
chr13	111410304	111410556	4.2954e-25	-0.236200	32	4.2188e-14	2.4211e-29	0.32609	0.56229
chr13	111422483	111422516	1	-0.151498	8	6.9907e-07	9.6936e-05	0.45222	0.60372
chr13	111423548	111423713	0.0099136	0.126033	14	1.0236e-10	5.5876e-07	0.74621	0.62018
chr13	111458789	111458913	1.0251e-08	0.185666	17	4.563e-14	5.7776e-13	0.87509	0.68942
chr13	111505448	111505551	0.92468	-0.173634	5	1.1432e-07	5.2118e-05	0.25373	0.42736
chr13	111521595	111521693	0.19377	0.230794	5	5.8055e-08	1.0921e-05	0.54389	0.31309
chr13	111530981	111531104	1	0.116511	9	3.4436e-05	0.00046207	0.75502	0.63851
chr13	111534788	111534803	0.017699	0.143704	6	1.8281e-09	9.9757e-07	0.3094	0.16569
chr13	111534996	111535024	1	0.155456	5	4.478e-06	0.0001963	0.43301	0.27756
chr13	111556717	111556871	1	0.128096	5	3.1532e-05	0.0014247	0.82696	0.69886
chr13	111559796	111559867	5.0654e-06	0.297467	8	4.8295e-14	2.855e-10	0.65488	0.35741
chr13	111559905	111559950	1	0.139587	7	1.1878e-06	0.00039815	0.26998	0.13039
chr13	111562695	111562764	2.3588e-05	-0.251188	5	2.9772e-12	1.3295e-09	0.35304	0.60423
chr13	111584347	111584508	0.014568	-0.142264	12	4.6166e-10	8.2108e-07	0.46826	0.61053
chr13	111586631	111586867	1	0.122187	5	7.1495e-05	0.003863	0.90116	0.77898
chr13	111588397	111588641	1	0.115734	5	0.0051618	0.010271	0.86812	0.75238
chr13	111588714	111588774	1	-0.133411	5	0.0092949	0.039571	0.3445	0.47792
chr13	111630223	111630357	0.00036448	-0.182549	12	4.4631e-14	2.0543e-08	0.56449	0.74704
chr13	111853569	111853892	1.7573e-05	-0.151559	13	4.1411e-14	9.9048e-10	0.30655	0.45811
chr13	111854034	111854076	1	-0.100208	6	0.0027443	0.01897	0.28825	0.38846
chr13	111893703	111893835	0.024562	0.130768	14	1.8871e-10	1.3844e-06	0.29154	0.16077
chr13	111896036	111896107	1	-0.104349	10	0.00059459	0.0062063	0.3883	0.49265
chr13	111918076	111918166	1	0.113779	5	0.0032961	0.039971	0.76917	0.65539
chr13	111919892	111920007	1	0.110701	9	0.0057155	0.062057	0.70629	0.59559
chr13	111920834	111921148	1	0.170105	14	1.1822e-08	5.7307e-05	0.59403	0.42392
chr13	111921613	111921683	0.16448	0.219219	5	1.5745e-07	9.2704e-06	0.50898	0.28976
chr13	111948155	111948372	1	0.148267	5	0.0074859	0.045538	0.56193	0.41366
chr13	111962754	111962839	0.0067287	0.160142	10	2.4939e-11	3.7925e-07	0.84024	0.6801
chr13	111972543	111972640	0.038292	0.133160	12	3.9809e-11	2.1582e-06	0.70072	0.56756
chr13	111976174	111976269	1	0.127000	5	0.0011465	0.062347	0.81718	0.69018
chr13	111976376	111976410	0.049549	0.139410	5	3.542e-09	2.7928e-06	0.9381	0.79869
chr13	111981326	111981487	1	0.121959	7	4.2177e-06	0.0008561	0.83937	0.71741
chr13	111998120	111998194	1	0.120124	6	4.2135e-06	0.00061437	0.84926	0.72913
chr13	112040766	112040841	1	-0.115220	5	0.005736	0.081376	0.39103	0.50625
chr13	112055165	112055271	5.5251e-07	0.128398	22	4.1411e-14	3.1142e-11	0.2975	0.1691
chr13	112070249	112070332	0.010635	0.135588	7	8.9207e-11	5.994e-07	0.21402	0.078429
chr13	112071803	112072149	0.0011011	0.169199	12	2.1471e-11	6.2064e-08	0.41772	0.24852
chr13	112075189	112075272	1	0.128338	5	1.1225e-05	0.00023649	0.35885	0.23051
chr13	112075765	112075817	1	0.100862	5	0.002857	0.0057622	0.80171	0.70085
chr13	112076338	112076447	1	0.131710	6	0.00086757	0.021166	0.57849	0.44678
chr13	112079356	112079432	0.0027084	0.193210	7	2.9376e-11	1.5265e-07	0.69237	0.49916
chr13	112106867	112106887	0.18453	0.129103	5	2.7473e-08	1.0401e-05	0.21187	0.082766
chr13	112107013	112107209	1.041e-14	0.294090	16	3.8858e-14	5.8674e-19	0.61271	0.31862
chr13	112107209	112107582	2.9683e-15	0.249642	23	4.0523e-14	1.6731e-19	0.68524	0.4356
chr13	112109640	112109660	1	0.117361	8	4.3575e-06	0.00237	0.84141	0.72405
chr13	112115824	112115872	1	0.120299	7	1.2238e-06	0.00014477	0.84343	0.72313
chr13	112118618	112118749	0.00050274	0.141077	11	5.6677e-13	2.8336e-08	0.84244	0.70136
chr13	112131656	112131856	1.0403e-11	-0.218979	20	4.1078e-14	5.8635e-16	0.37047	0.58944
chr13	112134113	112134313	2.3524e-20	-0.235746	23	4.885e-14	1.3259e-24	0.25031	0.48606
chr13	112134326	112134356	1	-0.137378	5	3.2215e-05	0.0080894	0.46896	0.60634
chr13	112152643	112152714	1	0.102228	5	0.0073773	0.12569	0.80887	0.70664
chr13	112161482	112161768	1.8093e-37	0.284756	26	4.2966e-14	1.0198e-41	0.66226	0.37751
chr13	112183987	112184252	2.1473e-05	0.161962	14	4.1855e-14	1.2103e-09	0.82094	0.65897
chr13	112206077	112206194	2.3e-10	0.140190	14	4.563e-14	1.2964e-14	0.32675	0.18656
chr13	112207145	112207281	0.25839	0.152151	14	1.2078e-09	1.4564e-05	0.63246	0.48031
chr13	112207776	112207910	0.0002066	0.221183	10	5.5733e-14	1.1645e-08	0.6794	0.45822
chr13	112216202	112216277	0.077409	0.183307	5	7.2227e-08	4.3631e-06	0.69524	0.51194
chr13	112220985	112221057	1	0.104888	5	0.0094283	0.030446	0.68608	0.58119
chr13	112229618	112229882	8.8217e-08	0.117492	23	4.2855e-14	4.9722e-12	0.83023	0.71274
chr13	112231453	112231489	0.72896	0.155849	6	1.4331e-06	4.1087e-05	0.80361	0.64777
chr13	112231767	112231867	0.035581	0.171001	5	3.5322e-08	2.0055e-06	0.91662	0.74562
chr13	112245397	112245409	0.45314	0.117458	6	8.1351e-07	2.554e-05	0.90234	0.78488
chr13	112250064	112250151	1	0.122718	5	0.0027669	0.038695	0.81926	0.69654
chr13	112250255	112250346	1	0.157256	5	1.2008e-05	0.00053917	0.70922	0.55197
chr13	112252131	112252266	1	0.152855	5	0.012654	0.036204	0.59416	0.4413
chr13	112272961	112273088	0.0011273	-0.151498	12	1.3733e-13	6.3537e-08	0.30376	0.45525
chr13	112325684	112326069	1	0.142525	8	6.7953e-05	0.0035102	0.61097	0.46844
chr13	112330182	112330240	1	0.124744	5	0.00020973	0.0027114	0.83337	0.70862
chr13	112330525	112330562	0.0065922	-0.170878	8	1.2489e-08	3.7156e-07	0.22149	0.39237
chr13	112331993	112332709	0.00022534	0.116770	44	4.3965e-14	1.2701e-08	0.6696	0.55283
chr13	112347014	112347109	3.3924e-07	0.220760	9	4.5963e-14	1.9121e-11	0.50075	0.27999
chr13	112351966	112352027	0.14401	0.192204	5	5.514e-09	8.1169e-06	0.54414	0.35194
chr13	112443001	112443058	1	-0.111183	7	1.1316e-05	0.0013253	0.35118	0.46237
chr13	112450536	112450596	0.0019375	0.100143	9	1.5016e-10	1.092e-07	0.89233	0.79218
chr13	112450596	112450728	0.0021623	0.165240	5	7.5626e-10	1.2187e-07	0.76655	0.60131
chr13	112451026	112451050	2.5478e-05	-0.204752	8	6.1617e-14	1.436e-09	0.25742	0.46218
chr13	112451869	112451947	1	0.101324	7	3.3409e-07	0.00038619	0.92045	0.81912
chr13	112483441	112483528	0.804	0.108576	6	5.3295e-07	4.5316e-05	0.90165	0.79307
chr13	112583630	112583812	2.7205e-12	0.341700	9	4.5852e-14	1.5334e-16	0.75006	0.40836
chr13	112588592	112588736	4.7109e-08	0.215066	17	4.5963e-14	2.6552e-12	0.69246	0.4774
chr13	112606828	112606839	3.9075e-10	-0.252226	5	4.1744e-14	2.2024e-14	0.2491	0.50133
chr13	112638322	112638697	9.8222e-10	-0.144437	41	4.3188e-14	5.5361e-14	0.41158	0.55602
chr13	112641795	112642209	4.4943e-11	0.143917	29	4.341e-14	2.5332e-15	0.89367	0.74975
chr13	112651289	112651391	1	-0.135241	5	0.00015658	0.00090621	0.50864	0.64388
chr13	112659591	112659683	1	0.144377	5	0.0015573	0.041163	0.76781	0.62343
chr13	112688970	112689204	0.16007	0.166082	11	2.6737e-09	9.0223e-06	0.49893	0.33285
chr13	112693990	112694053	1	0.117196	5	6.2029e-06	0.0022123	0.89709	0.77989
chr13	112711673	112711839	6.2049e-05	-0.225451	8	4.2188e-14	3.4973e-09	0.20169	0.42714
chr13	112721448	112721535	0.0088367	-0.219717	6	8.849e-11	4.9807e-07	0.43186	0.65158
chr13	112721584	112721709	1	-0.115563	5	0.022725	0.23137	0.58296	0.69852
chr13	112725455	112725608	1.2054e-09	0.307885	10	4.5408e-14	6.7943e-14	0.74694	0.43905
chr13	112742589	112742643	9.7772e-08	0.113204	10	4.2855e-14	5.5108e-12	0.95072	0.83752
chr13	112753386	112753511	3.4912e-07	0.228940	13	4.4964e-14	1.9678e-11	0.63359	0.40465
chr13	112756974	112757664	6.5564e-24	-0.229117	22	4.4187e-14	3.6954e-28	0.40919	0.63831
chr13	112765583	112765796	1	0.134110	7	1.5128e-07	9.0113e-05	0.86476	0.73065
chr13	112767800	112768361	3.786e-30	0.256246	33	4.9627e-14	2.1339e-34	0.76866	0.51241
chr13	112768773	112768979	6.1292e-08	0.109189	17	4.0967e-14	3.4547e-12	0.89166	0.78247
chr13	112770781	112770819	1	0.100840	5	0.0019341	0.013283	0.86992	0.76908
chr13	112770832	112770885	1	0.176463	7	7.9127e-07	0.00025278	0.67253	0.49607
chr13	112771385	112771477	1	-0.116492	10	7.1299e-06	0.00017015	0.6124	0.72889
chr13	112771667	112773453	5.0608e-48	-0.251226	51	5.0737e-14	2.8524e-52	0.38349	0.63471
chr13	112783606	112783779	1.7668e-07	0.183873	14	3.9302e-14	9.9582e-12	0.65123	0.46736
chr13	112839571	112839649	0.002842	0.175972	8	3.2354e-12	1.6018e-07	0.88753	0.71156
chr13	112863949	112864112	1	-0.143994	5	0.0062733	0.015413	0.58546	0.72945
chr13	112873852	112874491	1.0016e-22	0.269700	28	4.9849e-14	5.6454e-27	0.68611	0.41641
chr13	112885478	112885581	1	-0.116973	5	0.0013603	0.016255	0.69219	0.80917
chr13	112886155	112886318	8.4655e-10	-0.132942	22	4.3965e-14	4.7714e-14	0.19388	0.32683
chr13	112911420	112911573	0.76392	0.123142	5	3.5446e-07	4.3057e-05	0.95629	0.83315
chr13	112913417	112913551	1	-0.115526	6	2.7918e-07	0.00027366	0.14428	0.2598
chr13	112929743	112929946	3.7368e-14	0.161801	22	4.6962e-14	2.1062e-18	0.3086	0.1468
chr13	112931335	112931948	3.5948e-43	-0.238842	34	5.4734e-14	2.0262e-47	0.227	0.46584
chr13	112940461	112940558	0.40088	0.116452	10	1.5875e-07	2.2595e-05	0.31616	0.19971
chr13	112941958	112942013	1	0.113213	12	3.0835e-07	0.00033683	0.74203	0.62881
chr13	112959471	112959770	1	0.146194	5	1.3431e-05	0.00025762	0.74788	0.60169
chr13	112973118	112973196	0.0016641	-0.205139	9	1.9564e-12	9.3795e-08	0.43315	0.63829
chr13	112979033	112979132	1.9788e-06	0.230815	11	4.6185e-14	1.1153e-10	0.49479	0.26398
chr13	112979169	112979429	0.81586	0.121618	18	2.8003e-08	4.5985e-05	0.69294	0.57132
chr13	112981423	112981557	0.11807	0.126321	12	5.2874e-11	6.6547e-06	0.85631	0.72999
chr13	112983368	112983646	6.806e-10	-0.202963	23	4.0412e-14	3.8361e-14	0.35832	0.56128
chr13	112985337	112985365	0.00016661	-0.290783	5	5.5632e-11	9.3908e-09	0.25863	0.54942
chr13	112985378	112985417	1	-0.141391	5	0.00016285	0.0060541	0.34773	0.48912
chr13	112991183	112991247	0.0001228	-0.205680	10	7.6161e-14	6.9216e-09	0.34785	0.55353
chr13	112992374	112992501	7.4679e-09	0.271493	6	4.2855e-14	4.2092e-13	0.86676	0.59527
chr13	112992506	112992665	1	0.135662	10	1.6138e-06	0.0004624	0.72605	0.59039
chr13	112994316	112994648	1	-0.128088	14	9.1727e-07	0.001278	0.53142	0.65951
chr13	112995833	112995886	3.5739e-05	-0.278440	8	4.4298e-14	2.0144e-09	0.35039	0.62883
chr13	112996479	112996537	1	-0.141195	7	3.2621e-06	0.0005054	0.42539	0.56658
chr13	112996643	112997078	1.228e-13	-0.303376	15	4.1855e-14	6.9214e-18	0.31952	0.62289
chr13	112997078	112997187	0.00021755	-0.192849	11	2.9643e-13	1.2262e-08	0.3564	0.54924
chr13	112997959	112998055	1	0.109230	14	2.7321e-07	0.0028834	0.37399	0.26476
chr13	112998587	112998834	4.6658e-09	-0.222701	15	4.4076e-14	2.6298e-13	0.29334	0.51604
chr13	113001914	113001942	1	-0.122627	8	9.4141e-07	0.0005582	0.11574	0.23837
chr13	113005811	113005933	0.00012805	0.331004	7	4.4409e-14	7.2176e-09	0.74319	0.41218
chr13	113023325	113023464	1	0.133286	5	1.1225e-05	0.0004478	0.79681	0.66353
chr13	113035085	113035215	1	-0.115749	5	0.00050708	0.023461	0.18983	0.30558
chr13	113042879	113042991	1	0.117201	5	6.0611e-06	0.00084416	0.90999	0.79279
chr13	113044413	113044536	0.17555	0.111182	8	2.5917e-08	9.8948e-06	0.87132	0.76014
chr13	113045634	113045756	1	0.154704	5	0.00053556	0.026129	0.77874	0.62403
chr13	113051660	113051836	1	0.105379	7	0.00085436	0.001911	0.85713	0.75176
chr13	113052282	113052367	0.69422	0.113863	8	1.3406e-08	3.9128e-05	0.8499	0.73603
chr13	113053159	113053211	1	0.129788	5	4.2728e-06	0.00031212	0.83709	0.7073
chr13	113053435	113053498	1	0.113563	5	0.00012347	0.0038861	0.88063	0.76707
chr13	113086314	113086508	1	0.106677	8	2.4797e-06	0.00051552	0.90396	0.79728
chr13	113089316	113089438	1	0.149925	5	6.0611e-06	0.0007141	0.76001	0.61008
chr13	113094407	113094527	1	0.122681	5	0.00042987	0.01974	0.89339	0.7707
chr13	113105380	113105999	7.1045e-12	-0.211976	19	4.6962e-14	4.0043e-16	0.28342	0.49539
chr13	113118785	113118871	1	0.107560	5	4.9211e-05	0.0030754	0.91121	0.80365
chr13	113122558	113122939	3.9639e-27	-0.224285	28	3.8858e-14	2.2342e-31	0.16182	0.3861
chr13	113129661	113129798	0.0019814	0.143910	13	1.267e-10	1.1168e-07	0.75653	0.61262
chr13	113130057	113130238	1.9859e-40	0.343612	26	4.8406e-14	1.1193e-44	0.61623	0.27262
chr13	113138954	113139245	1	0.129360	6	3.2737e-05	0.0037417	0.79058	0.66122
chr13	113143758	113143922	1	0.116032	5	2.8936e-05	0.0038717	0.89104	0.77501
chr13	113158510	113158598	0.010861	-0.145557	10	8.2837e-11	6.1217e-07	0.2912	0.43675
chr13	113158651	113158783	1	-0.100960	9	0.0037598	0.017499	0.60895	0.70991
chr13	113164686	113164776	1	0.115410	9	0.0001603	0.024708	0.84293	0.72752
chr13	113172239	113172347	0.16846	-0.220188	7	6.0173e-11	9.4951e-06	0.5438	0.76399
chr13	113216806	113216863	0.10366	-0.203300	6	5.4249e-09	5.8427e-06	0.29137	0.49467
chr13	113258779	113258853	0.0054369	0.171686	5	2.6293e-09	3.0644e-07	0.89263	0.72095
chr13	113263129	113263174	2.4305e-05	0.204810	7	4.6851e-14	1.3699e-09	0.89038	0.68557
chr13	113298195	113298318	0.19869	-0.152070	10	2.9918e-09	1.1199e-05	0.10701	0.25908
chr13	113333130	113333173	0.010047	0.109501	8	1.6203e-09	5.6628e-07	0.9574	0.8479
chr13	113345392	113345441	1	0.103621	5	0.00014188	0.010234	0.91602	0.8124
chr13	113350080	113350155	1	0.189723	5	3.3747e-06	0.00032036	0.83463	0.64491
chr13	113350762	113350840	1	0.101869	5	4.5842e-06	0.0010012	0.9269	0.82503
chr13	113393423	113393446	1	-0.153820	5	0.00032509	0.0014168	0.50068	0.6545
chr13	113402663	113402755	1	0.143622	8	1.2495e-07	0.00040367	0.78263	0.63901
chr13	113407456	113407807	0.015521	0.213015	8	4.6289e-09	8.7481e-07	0.73933	0.52631
chr13	113417484	113417735	1.3229e-08	-0.231518	15	4.2633e-14	7.4562e-13	0.31418	0.5457
chr13	113421176	113421355	1.6705e-06	-0.165134	15	2.9177e-13	9.4157e-11	0.18471	0.34984
chr13	113437506	113437817	0.26491	-0.221080	6	7.5725e-09	1.4931e-05	0.32033	0.54141
chr13	113449053	113449832	1.6101e-39	-0.218916	50	3.7748e-14	9.0753e-44	0.28237	0.50129
chr13	113451022	113451117	3.0082e-05	-0.126826	15	1.5943e-13	1.6955e-09	0.13865	0.26548
chr13	113474668	113474725	0.10201	0.125001	5	2.7473e-08	5.7495e-06	0.90806	0.78306
chr13	113527780	113527920	9.8554e-10	0.151820	18	4.0856e-14	5.5548e-14	0.86384	0.71202
chr13	113535527	113535750	3.233e-22	-0.266052	17	4.8961e-14	1.8223e-26	0.35638	0.62243
chr13	113566414	113566494	1	0.114992	7	0.0018351	0.02454	0.76473	0.64973
chr13	113604953	113605101	4.1079e-05	0.149060	10	4.7407e-14	2.3153e-09	0.91776	0.7687
chr13	113607522	113607689	0.00028793	0.161782	12	6.7724e-14	1.6229e-08	0.86073	0.69895
chr13	113609054	113609178	3.744e-08	0.127097	13	4.5741e-14	2.1103e-12	0.96626	0.83916
chr13	113611495	113611718	1	0.113593	12	1.216e-07	0.00012591	0.83751	0.72392
chr13	113617295	113617401	0.00046806	0.202192	5	5.514e-09	2.6381e-08	0.89432	0.69212
chr13	113650273	113650454	1	0.117572	7	3.7202e-05	0.0024163	0.89679	0.77922
chr13	113656338	113656453	1	0.104211	7	1.2276e-05	0.0043833	0.90827	0.80406
chr13	113664011	113664177	7.7898e-20	-0.287170	15	4.341e-14	4.3906e-24	0.19695	0.48412
chr13	113664177	113664313	1	-0.104078	15	1.2041e-05	0.00069328	0.45476	0.55884
chr13	113664593	113664662	1	0.131024	5	3.2912e-05	0.0021637	0.72364	0.59262
chr13	113665010	113665048	1.4186e-14	-0.305644	14	4.7184e-14	7.9954e-19	0.31695	0.6226
chr13	114015339	114015546	2.4998e-07	-0.293056	10	4.341e-14	1.409e-11	0.37871	0.67177
chr13	114027648	114027833	1	0.132357	5	0.0012707	0.010872	0.76421	0.63186
chr13	114035706	114035785	1	0.142805	5	0.0001163	0.00034399	0.74673	0.60392
chr13	114047483	114047547	1	-0.109997	5	0.0011663	0.032021	0.30535	0.41534
chr13	114048537	114048621	1	0.103175	7	0.00072772	0.0062919	0.70277	0.5996
chr13	114048637	114048695	1	0.181001	7	8.535e-07	0.00057853	0.67606	0.49506
chr13	114049578	114049630	1	-0.104629	5	0.0015057	0.0020831	0.74037	0.845
chr13	114058307	114058355	1	0.104055	9	0.00021608	0.02194	0.83565	0.7316
chr13	114058375	114058458	2.6072e-05	0.322126	6	5.5844e-14	1.4695e-09	0.76822	0.4461
chr13	114062789	114063012	1.2207e-05	0.187544	15	4.0634e-14	6.8804e-10	0.81654	0.62899
chr13	114063694	114064277	1	0.114077	7	0.00047014	0.0012185	0.70203	0.58796
chr13	114074499	114074722	1	0.118714	5	0.0058225	0.038946	0.86975	0.75103
chr13	114078539	114078738	0.0039859	-0.212252	8	2.8226e-12	2.2466e-07	0.37713	0.58939
chr13	114081494	114081882	1	-0.167528	12	3.832e-09	0.0001097	0.54074	0.70827
chr13	114082226	114082280	0.41515	-0.220775	7	3.0616e-09	2.3399e-05	0.5586	0.77938
chr13	114082305	114082494	0.26401	-0.118341	12	3.2537e-08	1.4881e-05	0.71772	0.83606
chr13	114089935	114090181	2.2691e-18	-0.215360	22	3.8192e-14	1.2789e-22	0.52285	0.73821
chr13	114097504	114097657	1	0.133481	5	0.00076701	0.040805	0.82088	0.6874
chr13	114110586	114110907	0.07036	0.279707	5	3.9878e-09	3.9657e-06	0.48984	0.21013
chr13	114111784	114111880	1	0.128676	7	5.2469e-05	0.0016578	0.78595	0.65727
chr13	114115231	114115286	7.953e-07	-0.273141	11	4.4742e-14	4.4826e-11	0.31458	0.58772
chr13	114115286	114115568	4.7469e-12	-0.130458	25	4.674e-14	2.6755e-16	0.12333	0.25379
chr13	114115587	114115974	2.4367e-17	-0.235034	27	4.674e-14	1.3734e-21	0.24873	0.48377
chr13	114125122	114125234	2.8441e-08	0.380527	5	4.341e-14	1.603e-12	0.66613	0.28561
chr13	114129104	114129189	5.8626e-14	0.318311	10	4.3521e-14	3.3044e-18	0.51919	0.20088
chr13	114130680	114130772	5.6828e-10	0.327652	6	4.2633e-14	3.203e-14	0.56638	0.23873
chr13	114131146	114131209	2.3696e-07	0.252218	8	3.9302e-14	1.3356e-11	0.34056	0.088339
chr13	114140433	114140631	0.063217	0.103206	17	7.9829e-12	3.5631e-06	0.2749	0.17169
chr13	114143400	114143458	0.12166	-0.227014	5	7.6027e-09	6.8571e-06	0.38904	0.61606
chr13	114143724	114143970	9.479e-09	0.169407	19	4.0967e-14	5.3427e-13	0.71696	0.54756
chr13	114146750	114146922	0.016746	0.113239	16	7.806e-13	9.4388e-07	0.80231	0.68907
chr13	114151748	114152053	3.2572e-10	-0.155985	25	4.5186e-14	1.8359e-14	0.37095	0.52694
chr13	114152111	114152166	0.028562	-0.183559	5	6.5722e-09	1.6099e-06	0.5321	0.71566
chr13	114152964	114153007	1	0.120266	8	4.1997e-08	0.00032287	0.83981	0.71954
chr13	114153219	114153244	0.052554	0.243350	5	3.7585e-09	2.9621e-06	0.84373	0.60038
chr13	114158052	114158187	1	0.102621	9	0.00023402	0.049118	0.81852	0.7159
chr13	114162458	114162519	1	-0.137558	5	0.00027425	0.0028885	0.11062	0.24818
chr13	114164806	114164861	1	0.106582	5	2.1941e-06	0.00017496	0.93497	0.82838
chr13	114235876	114235979	3.3221e-10	-0.168653	14	4.2411e-14	1.8725e-14	0.14245	0.3111
chr13	114346173	114346310	0.9672	0.161630	5	1.1432e-07	5.4515e-05	0.80402	0.64239
