chr20	86358	86455	0.0060432	0.114852	8	1.9066e-08	4.8905e-07	0.81346	0.69861
chr20	189778	190001	0.85665	0.136879	10	7.6555e-07	6.9325e-05	0.57686	0.43998
chr20	259167	259321	1	0.127034	9	1.9035e-05	0.00011867	0.40384	0.27681
chr20	327657	327679	1	0.151453	5	2.183e-05	0.00041692	0.3449	0.19345
chr20	653849	654050	0.0022128	-0.141686	17	7.6561e-13	1.7907e-07	0.20289	0.34457
chr20	664248	664644	0.015095	0.125033	14	1.7447e-11	1.2216e-06	0.31256	0.18753
chr20	723960	724105	1	-0.183234	5	2.1417e-06	0.00020412	0.30632	0.48955
chr20	757504	757585	6.0317e-07	0.301134	6	4.3521e-14	4.8812e-11	0.73305	0.43192
chr20	761055	761170	2.1965e-10	0.189087	27	4.5852e-14	1.7776e-14	0.45343	0.26435
chr20	761199	761243	1	0.174594	5	1.7048e-07	0.00018751	0.39898	0.22438
chr20	762039	762136	1	0.121868	7	7.2909e-06	0.00014069	0.85456	0.73269
chr20	768326	768977	0.00012409	-0.110352	25	1.6607e-11	1.0042e-08	0.29748	0.40783
chr20	844978	845072	0.081798	0.175514	10	7.4924e-09	6.6196e-06	0.4985	0.32298
chr20	885367	885420	2.9912e-05	0.117313	9	9.5701e-14	2.4207e-09	0.23126	0.11394
chr20	887633	887869	1	-0.174689	5	2.2476e-06	0.00019106	0.35509	0.52978
chr20	915623	915707	1	0.161944	5	1.4683e-05	0.00074495	0.76624	0.60429
chr20	1000924	1001031	1	0.147815	5	1.3152e-06	0.00024428	0.82207	0.67425
chr20	1118057	1118145	1	-0.131059	7	0.00043012	0.011562	0.28721	0.41827
chr20	1184367	1184576	1	-0.161076	5	7.449e-05	0.0030454	0.20429	0.36536
chr20	1203342	1203612	0.60483	-0.183391	5	1.2062e-07	4.8946e-05	0.23673	0.42012
chr20	1322927	1323092	0.066673	0.132469	12	1.1173e-08	5.3956e-06	0.68279	0.55032
chr20	1329077	1329450	0.0013786	-0.205947	12	1.4155e-13	1.1157e-07	0.36561	0.57156
chr20	1330178	1330241	0.036964	-0.175906	8	6.04e-11	2.9914e-06	0.27787	0.45377
chr20	1393442	1393765	1	0.146252	12	4.5495e-07	0.00057057	0.616	0.46975
chr20	1470847	1470927	1	-0.132178	5	0.017275	0.0036692	0.47658	0.60875
chr20	1491132	1491774	4.3795e-17	0.260962	23	3.8525e-14	3.5441e-21	0.65164	0.39067
chr20	1619890	1620060	0.0019844	0.236373	10	4.5408e-14	1.6059e-07	0.52087	0.28449
chr20	1658532	1658740	0.04591	0.110392	8	7.7209e-10	3.7153e-06	0.88453	0.77414
chr20	1731391	1731764	0.052058	-0.121047	15	1.4138e-10	4.2128e-06	0.17958	0.30063
chr20	1779819	1779878	1	0.105155	6	1.2571e-06	0.00013238	0.91855	0.8134
chr20	1844921	1845040	5.9039e-14	0.296222	7	4.5519e-14	4.7778e-18	0.47774	0.18151
chr20	1897999	1898068	0.00021984	0.284848	6	8.0802e-13	1.7791e-08	0.70098	0.41614
chr20	1943889	1944052	0.00027187	-0.202022	8	1.7089e-11	2.2001e-08	0.42052	0.62254
chr20	1947330	1947388	1	-0.138017	5	1.5694e-05	9.1133e-05	0.21896	0.35698
chr20	1994000	1994109	1	0.109487	5	0.00059706	0.0080752	0.22076	0.11127
chr20	1994231	1994336	0.026079	0.188032	7	5.6704e-11	2.1105e-06	0.408	0.21996
chr20	2101233	2101493	0.29425	-0.132451	5	2.5419e-05	2.3812e-05	0.11696	0.24941
chr20	2295856	2295892	1	-0.138451	6	4.2896e-06	0.0001502	0.24235	0.3808
chr20	2379738	2379894	0.033713	0.144262	6	9.3332e-10	2.7282e-06	0.20002	0.055756
chr20	2535609	2535947	1	0.103584	10	6.8177e-07	0.00093257	0.72953	0.62595
chr20	2536495	2537008	0.00016491	0.141002	22	4.7073e-14	1.3345e-08	0.80456	0.66356
chr20	2557961	2558141	0.0010494	0.200429	6	2.4689e-11	8.4926e-08	0.71932	0.51889
chr20	2558523	2558554	2.0294e-05	0.369537	5	5.4401e-14	1.6423e-09	0.55966	0.19012
chr20	2694423	2694430	0.019045	0.190004	6	1.101e-08	1.5412e-06	0.77822	0.58821
chr20	2694733	2694842	1	0.143560	11	4.2313e-05	0.0065193	0.66622	0.52266
chr20	2871645	2871718	1	-0.119829	5	0.00017957	0.00023294	0.2892	0.40903
chr20	3042174	3042347	0.00079034	-0.242206	5	2.696e-10	6.3959e-08	0.36056	0.60277
chr20	3069626	3069775	1	-0.125320	6	0.0021174	0.070747	0.35629	0.48161
chr20	3071511	3071651	0.0015202	0.137932	18	1.1076e-12	1.2303e-07	0.80306	0.66513
chr20	3084589	3084919	2.5837e-19	0.235945	29	4.3521e-14	2.0909e-23	0.79343	0.55749
chr20	3092630	3092915	0.0015922	0.101847	17	6.9137e-11	1.2885e-07	0.18732	0.085469
chr20	3121174	3121363	1	0.131049	6	1.7913e-06	0.0015841	0.83152	0.70047
chr20	3164992	3165135	1	0.101875	7	3.7202e-05	0.0046053	0.87471	0.77284
chr20	3168603	3168704	0.00089081	-0.169242	7	7.0465e-11	7.2089e-08	0.20349	0.37273
chr20	3237829	3237854	0.0052419	-0.244392	5	1.1016e-10	4.242e-07	0.35658	0.60097
chr20	3237854	3237900	1	-0.102052	5	0.00059706	0.029852	0.25198	0.35404
chr20	3663504	3663610	1	-0.105292	11	4.5858e-06	0.0011086	0.42681	0.53211
chr20	3664779	3664994	0.16389	0.129455	5	6.3479e-06	1.3263e-05	0.87332	0.74387
chr20	3682526	3682643	1	0.160972	5	6.8614e-05	0.0066869	0.41026	0.24929
chr20	3686972	3687284	4.3353e-07	-0.235342	9	4.3521e-14	3.5084e-11	0.19364	0.42898
chr20	3712494	3712596	5.23e-15	0.350496	10	4.7184e-14	4.2324e-19	0.74976	0.39926
chr20	3892706	3892889	1	0.123557	7	7.6763e-07	0.00014135	0.80539	0.68183
chr20	4024365	4024463	1	0.127353	5	2.5975e-05	0.00014745	0.87457	0.74722
chr20	4187529	4187627	1	0.104548	7	0.00029298	0.010501	0.84478	0.74024
chr20	4244112	4244184	1	0.120369	6	4.388e-07	0.00029395	0.92662	0.80625
chr20	4250155	4250192	1	-0.152884	5	0.0013836	0.056988	0.48931	0.64219
chr20	4724264	4724368	1	-0.172669	7	4.8591e-06	0.00037755	0.39327	0.56594
chr20	4727152	4727289	7.1802e-06	0.158979	10	1.2251e-12	5.8106e-10	0.27832	0.11935
chr20	4761726	4761787	1	-0.113182	8	0.00021557	0.01491	0.50622	0.61941
chr20	4814747	4815354	2.7095e-34	0.298546	32	4.3743e-14	2.1927e-38	0.5364	0.23786
chr20	4822026	4822046	1	0.110290	6	6.5617e-06	0.0045227	0.89304	0.78275
chr20	4855671	4855722	7.0686e-08	0.160493	11	4.13e-14	5.7203e-12	0.95528	0.79479
chr20	4973591	4973759	1.3025e-11	0.211002	15	3.9635e-14	1.0541e-15	0.44107	0.23007
chr20	5300528	5300623	1	0.136426	5	0.030352	0.092951	0.68649	0.55007
chr20	5302497	5302611	1	0.167264	5	4.6208e-05	0.001325	0.55348	0.38622
chr20	5645489	5645638	8.8072e-15	0.266046	11	4.1855e-14	7.1273e-19	0.42133	0.15529
chr20	5924936	5925063	1	0.108625	5	6.5842e-05	0.00065284	0.81938	0.71075
chr20	5949514	5949623	1	-0.103136	5	0.00035702	0.0008171	0.29514	0.39828
chr20	6007467	6007695	1	-0.129687	5	0.00217	0.04036	0.20245	0.33214
chr20	6123567	6123628	0.42872	-0.133295	8	2.628e-08	3.4694e-05	0.25767	0.39096
chr20	6124808	6124995	0.00057394	-0.190073	10	6.3372e-13	4.6447e-08	0.53317	0.72324
chr20	6184671	6184859	0.84736	0.184017	7	2.7677e-07	6.8573e-05	0.77918	0.59516
chr20	6766584	6766894	2.5657e-07	-0.191431	11	4.4076e-14	2.0763e-11	0.38819	0.57962
chr20	7622768	7622988	1	0.141946	10	1.0712e-06	0.00019543	0.82637	0.68443
chr20	7803581	7803935	1.2564e-26	0.195734	68	5.3735e-14	1.0167e-30	0.59918	0.40344
chr20	7940412	7940634	0.80424	-0.143441	5	2.8319e-05	6.5084e-05	0.48347	0.62691
chr20	8501002	8501136	1	0.112464	5	0.00023093	0.0023597	0.80405	0.69158
chr20	9359669	9359717	0.0092885	-0.228164	5	6.5519e-11	7.5168e-07	0.38789	0.61605
chr20	9359748	9359855	1	-0.110335	8	1.3829e-05	0.00052513	0.11288	0.22322
chr20	9503661	9503722	4.3798e-05	0.173640	6	1.6015e-11	3.5444e-09	0.77819	0.60455
chr20	9506321	9506466	1	0.178012	5	2.7895e-06	0.0013356	0.5076	0.32959
chr20	9509046	9509056	2.6822e-05	0.154424	8	7.3053e-14	2.1706e-09	0.2771	0.12268
chr20	9516073	9516162	0.32454	0.124403	5	3.7323e-07	2.6263e-05	0.17355	0.04915
chr20	9516245	9516322	0.26485	0.102753	5	6.3022e-08	2.1433e-05	0.16136	0.058606
chr20	9641625	9641708	0.051372	0.133189	8	2.4859e-08	4.1573e-06	0.92728	0.79409
chr20	10031716	10031823	0.014322	0.132773	9	7.6746e-10	1.159e-06	0.95069	0.81792
chr20	10430788	10430949	9.9965e-07	0.236816	9	4.3965e-14	8.0898e-11	0.77681	0.53999
chr20	10511605	10511769	9.9212e-10	0.222579	10	4.6629e-14	8.0288e-14	0.33011	0.10754
chr20	11686063	11686174	2.9863e-05	0.276323	5	1.5754e-13	2.4167e-09	0.76219	0.48587
chr20	11687459	11687676	5.1951e-07	-0.227012	7	4.3965e-14	4.2042e-11	0.2452	0.47221
chr20	11690841	11690952	1	0.137291	5	1.9442e-06	0.00010004	0.89117	0.75387
chr20	11890168	11890176	3.7552e-06	0.218135	5	4.2943e-13	3.039e-10	0.82846	0.61033
chr20	11894105	11894280	6.5124e-06	-0.215628	8	6.6058e-14	5.2702e-10	0.33643	0.55206
chr20	12701196	12701394	0.092927	0.107128	9	5.2361e-08	7.5202e-06	0.92294	0.81581
chr20	13642141	13642258	1	0.116674	6	1.6603e-07	0.00010953	0.86184	0.74517
chr20	13849378	13849479	1	0.132924	5	0.00057587	0.0021996	0.80125	0.66832
chr20	13990696	13990844	1	0.176657	5	0.00012347	0.0011204	0.60352	0.42686
chr20	15985517	15985805	6.3347e-22	0.201659	26	4.9183e-14	5.1264e-26	0.82023	0.61857
chr20	16005306	16005502	1	0.187404	5	0.00042987	0.00029573	0.64169	0.45429
chr20	16225609	16225748	1	0.103329	5	9.3682e-06	0.00018208	0.90293	0.7996
chr20	16574648	16574744	1	-0.140867	5	0.0013374	0.0056112	0.48596	0.62683
chr20	16729601	16729777	1	0.126577	11	7.4724e-05	0.0070044	0.5014	0.37482
chr20	17228061	17228095	1	0.104826	5	6.0611e-06	0.001932	0.2167	0.11187
chr20	17532006	17532150	0.0022449	-0.224276	5	9.0717e-11	1.8167e-07	0.37346	0.59773
chr20	17571883	17572336	2.4228e-09	-0.248298	14	4.6296e-14	1.9606e-13	0.2478	0.4961
chr20	17612762	17612851	1	0.146617	5	0.00039187	0.0099832	0.62256	0.47594
chr20	17614732	17614838	2.2414e-07	-0.290224	7	4.5297e-14	1.8139e-11	0.27935	0.56957
chr20	17710743	17710865	3.3634e-07	-0.220975	10	4.4076e-14	2.7218e-11	0.17031	0.39128
chr20	17962759	17963052	2.3524e-05	0.249255	7	4.4631e-14	1.9037e-09	0.60308	0.35382
chr20	17990669	17990827	1	-0.123711	8	1.2109e-05	0.00017604	0.67026	0.79398
chr20	18043496	18043679	0.0042698	0.115359	9	2.0371e-11	3.4553e-07	0.92184	0.80649
chr20	18052825	18053074	1	0.101043	5	0.0002446	0.0012865	0.85725	0.7562
chr20	18226595	18226686	1	0.117674	5	0.0011866	0.01216	0.88505	0.76737
chr20	18504630	18504777	0.61107	0.107924	16	7.9092e-08	4.9451e-05	0.68948	0.58155
chr20	18510839	18510917	1	0.104889	7	0.0011957	0.0096244	0.81386	0.70897
chr20	18588599	18588675	5.171e-05	0.175456	8	5.2847e-14	4.1847e-09	0.21903	0.04357
chr20	19213344	19213460	0.83816	-0.143805	7	1.5128e-07	6.7829e-05	0.14405	0.28785
chr20	19217183	19217226	1	0.111165	5	7.004e-05	0.0058702	0.86139	0.75023
chr20	19693807	19693862	5.7778e-06	0.124442	8	4.4187e-14	4.6757e-10	0.90545	0.78101
chr20	19886004	19886512	1.2143e-47	-0.258310	27	4.3632e-14	9.8269e-52	0.19702	0.45533
chr20	19888753	19889001	1	-0.159237	7	3.1138e-08	0.00011133	0.33631	0.49555
chr20	19889334	19889466	1	-0.115219	8	2.1671e-07	0.00091099	0.22006	0.33528
chr20	19935229	19935543	1.6811e-06	-0.200806	7	4.1189e-14	1.3604e-10	0.21142	0.41223
chr20	19971266	19971467	1	0.111355	7	0.0014539	0.043028	0.80869	0.69733
chr20	19974687	19974894	1	0.147622	10	5.8021e-07	0.0013502	0.54712	0.3995
chr20	19974916	19974961	1	0.103211	9	0.00052825	0.025772	0.60423	0.50102
chr20	20000994	20001079	0.22645	0.155445	5	2.7349e-07	1.8326e-05	0.84727	0.69182
chr20	20055987	20056507	1.2074e-09	0.181854	18	3.9857e-14	9.7706e-14	0.79713	0.61528
chr20	20199567	20199672	1	-0.126619	5	0.00039187	0.004929	0.29705	0.42367
chr20	20277208	20277239	0.36925	0.153383	7	8.535e-07	2.9882e-05	0.48393	0.33055
chr20	20277239	20277317	1	0.108685	14	5.5137e-06	0.003384	0.49903	0.39034
chr20	20277317	20277387	2.0318e-11	0.267553	16	4.2855e-14	1.6443e-15	0.60417	0.33661
chr20	20370168	20370221	1	-0.124306	5	1.3152e-06	0.0001285	0.10619	0.2305
chr20	20371094	20371415	0.0038463	0.178921	14	7.1276e-14	3.1127e-07	0.41458	0.23566
chr20	20452305	20452807	4.1467e-99	0.313752	45	4.8739e-14	3.3557e-103	0.48071	0.16696
chr20	20713422	20713494	1	0.108470	5	0.00048001	0.006845	0.77005	0.66158
chr20	20769719	20769995	5.9489e-23	0.363198	10	4.8517e-14	4.8142e-27	0.61244	0.24924
chr20	21020528	21020638	1.9257e-10	0.164088	21	4.3965e-14	1.5584e-14	0.35243	0.18835
chr20	21114829	21114942	1	0.105353	6	6.4475e-06	0.00013897	0.88918	0.78383
chr20	21391511	21391903	2.6418e-12	0.221079	28	4.4187e-14	2.1379e-16	0.41546	0.19438
chr20	21520722	21520766	0.98511	0.105333	10	3.305e-07	7.9721e-05	0.19395	0.088618
chr20	21525215	21525303	0.26097	0.193670	6	1.5008e-07	2.1119e-05	0.72048	0.52681
chr20	21608455	21608531	1	-0.105955	8	8.6566e-06	0.0020008	0.63846	0.74442
chr20	21701388	21702284	1.3358e-12	0.129595	33	4.1189e-14	1.081e-16	0.28687	0.15728
chr20	21703770	21703854	0.11363	0.129739	5	3.4542e-07	9.1952e-06	0.23971	0.10997
chr20	21704836	21704864	0.37773	0.170609	5	1.8076e-06	3.0568e-05	0.312	0.14139
chr20	21713668	21713698	8.2373e-05	0.176724	8	5.0254e-12	6.6661e-09	0.31495	0.13822
chr20	21714028	21714108	1	0.114132	5	1.0975e-05	0.00072931	0.21452	0.10039
chr20	21714648	21714705	0.85356	0.111524	8	3.3169e-07	6.9075e-05	0.16964	0.058111
chr20	21717388	21717396	0.0017169	0.176092	6	2.1743e-11	1.3894e-07	0.72089	0.5448
chr20	22420379	22420880	9.3762e-05	0.110946	13	5.0626e-14	7.5878e-09	0.89908	0.78813
chr20	22566859	22566944	7.4981e-12	0.261804	6	4.2744e-14	6.0679e-16	0.54666	0.28485
chr20	22568574	22568723	1.5563e-14	0.333994	9	4.5186e-14	1.2594e-18	0.53804	0.20404
chr20	22569002	22569440	0.00016316	0.102561	13	1.289e-13	1.3204e-08	0.18934	0.08678
chr20	22569481	22569639	3.5577e-16	0.237522	18	5.1514e-14	2.8791e-20	0.53774	0.30022
chr20	22572215	22572425	0.0041683	0.258166	7	3.1108e-13	3.3732e-07	0.60926	0.35109
chr20	22576829	22576947	1.8239e-23	0.363340	14	4.6851e-14	1.476e-27	0.60948	0.24614
chr20	22579788	22579925	3.1165e-06	0.201585	15	4.4298e-14	2.522e-10	0.40032	0.19874
chr20	22586194	22586364	2.4014e-28	0.254450	27	4.7629e-14	1.9433e-32	0.54507	0.29062
chr20	22586364	22586532	1	0.113811	10	9.9296e-06	0.00018538	0.48877	0.37496
chr20	22814985	22815137	7.7649e-06	0.207858	6	1.6775e-13	6.2838e-10	0.46402	0.25616
chr20	23025689	23025753	1	0.185843	8	3.557e-09	0.00017218	0.60177	0.41593
chr20	23036096	23036185	1	0.111048	5	0.0016105	0.027006	0.87316	0.76212
chr20	23048198	23048259	1	0.155940	7	8.5788e-08	0.00051848	0.37179	0.21585
chr20	23048331	23048341	1	0.133214	5	0.00011864	0.0057919	0.48669	0.35348
chr20	23053838	23053919	0.20038	-0.228500	5	3.7585e-09	1.6216e-05	0.341	0.5695
chr20	23086237	23086602	2.7327e-43	0.361810	27	3.2419e-14	2.2115e-47	0.55893	0.19712
chr20	23086935	23087178	0.0004332	0.114869	20	1.6166e-12	3.5057e-08	0.77138	0.65651
chr20	23143278	23143315	0.16473	0.181366	5	2.0735e-08	1.3331e-05	0.34175	0.16038
chr20	23358619	23358731	0.043075	-0.140038	8	8.3327e-10	3.4858e-06	0.13324	0.27328
chr20	23363386	23363533	1	0.142096	5	1.1742e-05	0.00043112	0.76668	0.62458
chr20	23366035	23366096	1	0.120025	5	1.0793e-06	0.00023485	0.9027	0.78268
chr20	23568817	23568904	1	0.108877	12	0.00012637	0.00187	0.79706	0.68818
chr20	23742459	23742702	1	0.110607	5	0.049434	0.0698	0.67312	0.56252
chr20	24219727	24220003	9.0437e-05	0.177049	16	4.4853e-14	7.3187e-09	0.64034	0.46329
chr20	24220909	24220985	0.012154	0.222861	5	3.0527e-09	9.8353e-07	0.85783	0.63497
chr20	24468981	24469033	0.38889	0.194073	5	2.3585e-06	3.1471e-05	0.47278	0.27871
chr20	24858496	24858626	1	0.117778	5	0.0010516	0.0052953	0.79268	0.6749
chr20	24930701	24930909	1.3396e-06	-0.228247	5	4.8739e-14	1.0841e-10	0.28941	0.51766
chr20	24948970	24949513	1.5157e-18	0.281400	20	4.3188e-14	1.2266e-22	0.65467	0.37326
chr20	24953153	24953211	0.26652	-0.196531	6	1.527e-08	2.1569e-05	0.31218	0.50872
chr20	24989087	24989266	0.020853	0.174716	9	2.9585e-11	1.6875e-06	0.87515	0.70044
chr20	24993606	24993955	2.1833e-05	-0.158719	13	4.5075e-14	1.7668e-09	0.20434	0.36306
chr20	25053626	25053668	2.2796e-07	0.261386	8	4.1411e-14	1.8448e-11	0.56147	0.30009
chr20	25055960	25056126	1	-0.149208	5	0.00050708	0.016942	0.64583	0.79504
chr20	25058554	25059223	0.0024539	0.106644	28	5.9841e-14	1.9859e-07	0.23586	0.12921
chr20	25077738	25077940	2.1554e-06	0.101053	23	4.8517e-14	1.7443e-10	0.17524	0.074186
chr20	25148110	25148231	1	0.120047	10	6.1272e-05	0.007128	0.62035	0.5003
chr20	25250304	25250459	7.6244e-10	-0.227860	11	4.4631e-14	6.1701e-14	0.37847	0.60633
chr20	25296099	25296184	1	-0.125952	7	9.5247e-05	0.012905	0.6744	0.80035
chr20	25470203	25470325	1	0.170052	5	3.7403e-05	0.0014076	0.49358	0.32353
chr20	25499212	25499284	1	0.143011	5	1.2215e-06	0.00030199	0.86124	0.71823
chr20	25602990	25603035	0.031773	0.131309	7	6.3601e-09	2.5712e-06	0.8142	0.68289
chr20	25853326	25853439	1	-0.122174	7	0.0010551	0.018908	0.40976	0.53193
chr20	25987323	25987336	0.0018748	0.132821	5	2.612e-10	1.5172e-07	0.1772	0.044382
chr20	28603238	28603250	0.068841	0.200971	5	6.3831e-09	5.571e-06	0.3803	0.17932
chr20	28620158	28620227	0.012935	0.132792	5	1.4931e-07	1.0468e-06	0.90508	0.77229
chr20	29079719	29079834	1	0.116368	7	4.2285e-05	0.0026837	0.72448	0.60811
chr20	29080155	29080231	1	0.100158	10	0.00074247	0.058973	0.60563	0.50547
chr20	29080250	29080314	1	0.146458	5	2.3585e-06	0.00073994	0.63425	0.48779
chr20	29324197	29324281	0.7871	0.134015	10	2.0075e-08	6.3697e-05	0.76549	0.63147
chr20	29324317	29324355	1	0.101626	14	4.9411e-05	0.019133	0.73995	0.63833
chr20	29326228	29326312	1	0.137410	10	1.0807e-06	0.00047399	0.75549	0.61808
chr20	29327562	29327668	0.22522	0.142646	16	7.5958e-09	1.8226e-05	0.64952	0.50688
chr20	29327706	29327843	1	0.134065	14	8.1106e-07	0.00027764	0.57013	0.43606
chr20	29408307	29408357	1	0.169399	8	1.5916e-06	0.00073122	0.56726	0.39786
chr20	29408769	29409561	0.00066555	0.102465	44	9.0594e-14	5.386e-08	0.62886	0.5264
chr20	29410441	29410555	1	0.112711	5	0.0084071	0.0094093	0.42328	0.31057
chr20	29412116	29412286	0.00055559	0.179518	14	8.1148e-12	4.4962e-08	0.51	0.33048
chr20	29430939	29431012	1	0.116773	12	6.0494e-06	0.0011985	0.68559	0.56881
chr20	29762380	29762506	1	0.149154	10	1.0073e-06	0.00052041	0.68992	0.54076
chr20	29764877	29765003	0.22089	0.180227	9	1.542e-06	1.7876e-05	0.70085	0.52062
chr20	29876144	29876227	1	0.123194	5	0.0001727	0.012121	0.78284	0.65965
chr20	29876725	29877078	1	0.104929	9	8.5674e-06	0.0037978	0.81083	0.7059
chr20	29877408	29877713	1	0.117488	16	3.1013e-07	0.001057	0.64155	0.52406
chr20	29878553	29878872	0.011483	0.137713	20	2.3612e-12	9.2926e-07	0.61747	0.47976
chr20	30316105	30316225	0.28065	0.183768	7	4.3273e-10	2.2712e-05	0.47337	0.2896
chr20	30376638	30376727	1	0.180154	5	6.7215e-05	0.0015855	0.66558	0.48543
chr20	30512095	30512367	1	0.115125	10	9.3869e-06	0.0018135	0.76771	0.65258
chr20	30537260	30537734	2.9171e-05	0.119583	35	4.3188e-14	2.3607e-09	0.43276	0.31318
chr20	30565173	30565411	9.8787e-10	0.187210	14	4.2411e-14	7.9945e-14	0.77407	0.58686
chr20	30586209	30586262	1	0.127353	6	0.028767	0.062254	0.27394	0.14659
chr20	30653082	30653426	1	0.135082	7	8.5297e-05	0.010125	0.75798	0.6229
chr20	30813627	30813787	1	0.138334	7	1.6957e-06	0.00046512	0.80586	0.66752
chr20	30891807	30891940	0.00038612	0.136415	21	1.058e-12	3.1247e-08	0.41029	0.27388
chr20	30894695	30894746	1	0.112131	5	0.0026795	0.0632	0.35394	0.24181
chr20	30895241	30895387	1	0.162848	11	1.9392e-07	0.0017563	0.59986	0.43701
chr20	30912893	30912980	1	0.120739	7	5.0517e-05	0.0015308	0.37996	0.25922
chr20	30922538	30922686	0.032096	0.146330	13	2.7611e-08	2.5974e-06	0.72362	0.57729
chr20	31256713	31256773	1	0.108119	5	0.00036375	0.028742	0.75722	0.6491
chr20	31368158	31368933	1	0.125908	14	3.6827e-08	0.0010046	0.75175	0.62585
chr20	31377283	31377503	1	0.122768	9	1.2936e-05	0.007739	0.81466	0.69189
chr20	31484488	31484508	1	-0.108960	5	0.00015053	0.014466	0.59921	0.70817
chr20	31608112	31608403	8.567e-09	-0.210590	18	4.3521e-14	6.9329e-13	0.22274	0.43333
chr20	31608882	31609052	1.6492e-10	-0.251430	9	4.2633e-14	1.3346e-14	0.19991	0.45134
chr20	31721719	31721780	1	-0.106369	7	0.0014689	0.030952	0.33221	0.43857
chr20	31721932	31721952	1	-0.131273	5	0.000422	0.005443	0.17914	0.31042
chr20	31801642	31801746	1.8038e-10	-0.245528	9	4.0523e-14	1.4597e-14	0.37585	0.62137
chr20	31818778	31818905	0.28625	0.110896	8	1.283e-07	2.3165e-05	0.90229	0.7914
chr20	31819212	31819400	0.098615	-0.152870	12	4.3532e-09	7.9805e-06	0.49898	0.65185
chr20	31908203	31908286	1	0.144852	5	1.3734e-05	0.00028172	0.73395	0.5891
chr20	32009786	32009891	1	0.114035	5	1.0019e-06	0.0020877	0.77586	0.66183
chr20	32031098	32031164	0.033047	-0.139673	12	3.4832e-11	2.6743e-06	0.1946	0.33427
chr20	32190669	32190712	7.5897e-05	0.272565	5	1.0879e-11	6.142e-09	0.49635	0.22379
chr20	32217122	32217222	4.3328e-08	-0.287785	9	4.3299e-14	3.5063e-12	0.36666	0.65444
chr20	32355567	32355706	1	0.181734	5	3.9295e-07	8.6459e-05	0.65001	0.46828
chr20	32480592	32480673	1	-0.205588	5	1.348e-06	0.000732	0.49432	0.69991
chr20	32535415	32535663	8.9482e-24	0.391926	11	3.7081e-14	7.2414e-28	0.72265	0.33072
chr20	32673981	32674061	1	0.114054	5	0.047759	0.093461	0.53109	0.41704
chr20	32763902	32764114	1	0.185640	7	5.0611e-08	0.00038544	0.79443	0.60879
chr20	32764421	32764593	3.8948e-05	0.284371	5	5.7068e-12	3.1519e-09	0.76269	0.47831
chr20	33018677	33018790	1	0.126515	9	2.2617e-05	0.00064454	0.77161	0.6451
chr20	33081472	33081613	1	0.102517	10	0.00040041	0.031186	0.69506	0.59254
chr20	33193216	33193254	1	0.150579	5	4.058e-08	9.0613e-05	0.78652	0.63594
chr20	33193345	33193472	1	-0.115188	5	2.6543e-05	0.0056127	0.36269	0.47787
chr20	33490887	33490933	1	-0.102931	5	4.5842e-06	0.0012518	0.062851	0.16578
chr20	33490961	33490978	5.9459e-11	-0.283326	5	4.0523e-14	4.8118e-15	0.23387	0.5172
chr20	33562156	33562565	2.7736e-11	-0.221378	6	4.2522e-14	2.2445e-15	0.21814	0.43952
chr20	33647777	33647922	0.0073007	0.214628	5	5.8468e-09	5.9082e-07	0.67766	0.46303
chr20	33672816	33672943	0.126	-0.190443	7	7.9127e-07	1.0197e-05	0.51324	0.70368
chr20	33675193	33675376	9.3017e-05	-0.233899	7	1.2046e-13	7.5275e-09	0.20173	0.43563
chr20	33679809	33679948	1.1171e-19	0.301134	17	4.6185e-14	9.0402e-24	0.74305	0.44191
chr20	33792124	33792273	0.0012832	-0.192136	14	9.3814e-14	1.0384e-07	0.26754	0.45968
chr20	33810205	33810459	1	0.107272	7	0.0070232	0.010652	0.73559	0.62832
chr20	34110463	34110549	1	0.121083	5	0.0019341	0.0023467	0.67464	0.55355
chr20	34157920	34158082	1.2542e-08	0.323588	5	4.6518e-14	1.015e-12	0.62185	0.29826
chr20	34205089	34205387	1	0.101318	11	2.1304e-05	0.012313	0.7036	0.60228
chr20	34214263	34214416	0.00073344	0.101662	8	4.5092e-11	5.9354e-08	0.93183	0.83016
chr20	34362266	34362408	1	-0.188689	7	7.4467e-07	0.0012367	0.57415	0.76284
chr20	34546955	34547071	1.0732e-06	-0.263261	9	4.3743e-14	8.6852e-11	0.43179	0.69506
chr20	34559810	34559851	0.015176	-0.212525	10	6.7305e-11	1.2282e-06	0.46873	0.68125
chr20	34559871	34559934	1	-0.123825	5	0.0010516	0.00080052	0.55431	0.67813
chr20	34822525	34822563	0.0088273	-0.188392	5	7.5626e-10	7.1435e-07	0.61359	0.80198
chr20	34974802	34975099	1	-0.105257	7	0.0052167	0.007066	0.61418	0.71944
chr20	35093352	35093421	1	0.125953	6	8.98e-06	0.0029198	0.83792	0.71197
chr20	35285681	35285779	1	-0.182077	5	1.7147e-05	0.0010155	0.42397	0.60605
chr20	35511682	35511749	1	0.113608	5	0.0023164	0.012216	0.8321	0.71849
chr20	35599062	35599123	0.30937	-0.275609	5	2.6646e-07	2.5036e-05	0.246	0.52161
chr20	35602312	35602385	1	0.107383	5	0.011808	0.12354	0.79527	0.68789
chr20	35768150	35768279	2.1685e-07	0.298584	6	4.3743e-14	1.7549e-11	0.48417	0.18559
chr20	35771645	35771730	1	0.102145	5	0.0051618	0.032621	0.85766	0.75552
chr20	36017718	36017781	1.8451e-09	-0.288038	8	4.3521e-14	1.4932e-13	0.24721	0.53525
chr20	36112190	36112455	6.4979e-08	-0.198860	11	4.0412e-14	5.2585e-12	0.41965	0.61851
chr20	36155145	36155210	1	0.221373	6	5.04e-08	0.00011411	0.62089	0.39952
chr20	36182455	36182498	5.653e-10	0.264009	8	4.6962e-14	4.5747e-14	0.7966	0.5326
chr20	36232609	36232737	1	0.113600	5	0.00029031	0.020254	0.86334	0.74974
chr20	36235982	36236165	1	-0.102507	17	0.00028977	0.00444	0.60209	0.7046
chr20	36366959	36367110	1	0.103331	5	0.0064622	0.052881	0.66003	0.5567
chr20	36463507	36463622	5.1967e-12	-0.302879	9	4.2966e-14	4.2055e-16	0.23935	0.54223
chr20	36572998	36573207	3.5763e-09	0.295353	11	4.6407e-14	2.8942e-13	0.46529	0.16994
chr20	36604977	36605193	1.4327e-42	0.326763	22	5.0848e-14	1.1594e-46	0.68208	0.35531
chr20	36605193	36605259	1	0.152294	5	0.00057587	0.0029672	0.27523	0.12294
chr20	36645877	36646387	2.9402e-33	0.338972	19	5.0848e-14	2.3794e-37	0.63217	0.29319
chr20	36875579	36876109	5.7044e-15	-0.217304	20	4.0745e-14	4.6164e-19	0.42581	0.64311
chr20	36876149	36876202	1	-0.121844	8	3.8061e-05	0.0026441	0.26497	0.38681
chr20	37096423	37096595	0.83464	0.175473	8	1.1469e-08	6.7544e-05	0.60266	0.42719
chr20	37316494	37316621	2.4127e-10	0.280527	9	4.4076e-14	1.9525e-14	0.6077	0.32717
chr20	37344520	37344958	2.7508e-07	-0.212597	12	4.3521e-14	2.2261e-11	0.42591	0.63851
chr20	37382170	37382285	1	0.189442	5	1.6405e-05	0.012417	0.73339	0.54394
chr20	37385014	37385213	1	0.176025	11	2.7018e-08	0.00028886	0.64769	0.47167
chr20	37520201	37520220	0.010329	0.126445	7	1.7448e-09	8.359e-07	0.91754	0.7911
chr20	37520328	37520911	4.3352e-38	0.152577	53	3.4306e-14	3.5083e-42	0.8933	0.74072
chr20	37521264	37521305	0.045991	0.223208	5	5.6486e-08	3.7219e-06	0.74235	0.51914
chr20	37524383	37524907	4.1896e-09	-0.228405	15	4.4631e-14	3.3905e-13	0.38216	0.61057
chr20	37525239	37525545	1	0.170763	5	4.1736e-06	0.00074511	0.77205	0.60129
chr20	38034887	38035032	0.63371	-0.168638	5	6.8025e-06	5.1284e-05	0.42527	0.59391
chr20	38036567	38036630	1	0.117800	5	0.00074025	0.0085776	0.74665	0.62885
chr20	38164932	38165060	1	-0.136991	5	0.0016377	0.0065494	0.37075	0.50774
chr20	38210976	38211118	1	0.174078	6	0.00057735	0.018078	0.43871	0.26463
chr20	38303027	38303122	8.4191e-11	0.286255	8	4.5186e-14	6.8132e-15	0.52683	0.24058
chr20	38303983	38304078	0.15791	0.258899	5	2.5975e-08	1.2779e-05	0.73757	0.47867
chr20	38346192	38346441	1	0.159352	8	4.7808e-06	0.00032715	0.76319	0.60384
chr20	38645527	38645614	0.010622	0.202432	5	1.9009e-10	8.5961e-07	0.5378	0.33537
chr20	38646729	38646824	0.00060115	-0.192680	5	1.4252e-10	4.8648e-08	0.31916	0.51184
chr20	38674376	38674418	5.3322e-06	0.127115	11	1.2439e-11	4.3151e-10	0.17025	0.043139
chr20	38698487	38698739	0.015214	0.115333	16	5.0986e-10	1.2312e-06	0.78803	0.67269
chr20	38726162	38726575	1.5387e-06	0.126539	19	1.7897e-13	1.2452e-10	0.24648	0.11994
chr20	38727723	38728231	1.4886e-10	0.129677	35	4.7518e-14	1.2047e-14	0.29222	0.16254
chr20	38805029	38805161	9.6046e-07	0.362387	6	4.2966e-14	7.7726e-11	0.63861	0.27622
chr20	39052455	39052530	0.00033626	-0.232905	5	9.3705e-11	2.7212e-08	0.29491	0.52781
chr20	40497869	40498442	1.9939e-09	0.292721	10	4.0634e-14	1.6136e-13	0.61044	0.31772
chr20	40506792	40506904	0.0096195	0.249286	5	1.3928e-08	7.7846e-07	0.46993	0.22064
chr20	40691316	40691336	0.97172	0.126361	5	4.5842e-06	7.8637e-05	0.41672	0.29036
chr20	40691891	40692330	9.9999e-05	0.122825	16	6.255e-13	8.0925e-09	0.25612	0.1333
chr20	40692938	40693007	0.15339	0.104167	13	1.7336e-08	1.2413e-05	0.24556	0.14139
chr20	40909518	40909762	2.3018e-23	0.251464	20	3.8747e-14	1.8628e-27	0.79189	0.54042
chr20	40969251	40969646	1.2329e-32	0.176930	31	4.3188e-14	9.9777e-37	0.31556	0.13863
chr20	41028218	41028241	0.6857	0.139851	5	2.5255e-08	5.5491e-05	0.26294	0.12308
chr20	41138712	41138850	1	-0.109800	5	0.0016934	0.0083726	0.22444	0.33424
chr20	41138850	41138870	1	0.110909	5	0.00019037	0.0041225	0.32252	0.21161
chr20	41329593	41329796	1.0784e-23	0.258513	20	5.107e-14	8.7272e-28	0.3816	0.12309
chr20	41339967	41339997	1	-0.113734	5	0.00080884	0.005106	0.19585	0.30958
chr20	41340841	41340949	0.01197	-0.136895	12	1.4165e-11	9.6869e-07	0.10147	0.23836
chr20	41340949	41340965	4.9952e-08	-0.330637	5	4.8961e-14	4.0424e-12	0.20946	0.54009
chr20	41367424	41367584	0.17616	0.130918	14	2.444e-10	1.4256e-05	0.49679	0.36587
chr20	41619169	41619350	0.18188	-0.128462	14	1.5567e-09	1.4718e-05	0.27236	0.40082
chr20	43459269	43459306	0.3936	-0.111328	5	3.6317e-08	3.1852e-05	0.10107	0.2124
chr20	43514550	43514625	0.62676	0.120932	10	1.5579e-07	5.0721e-05	0.51934	0.39841
chr20	43540811	43540919	0.43806	0.133774	7	7.6492e-08	3.545e-05	0.9029	0.76913
chr20	43558416	43559198	7.3397e-15	-0.171566	24	4.6518e-14	5.9397e-19	0.36402	0.53559
chr20	43565940	43566010	1	0.120979	6	6.7959e-06	0.00089053	0.89735	0.77637
chr20	43654132	43654250	0.47657	-0.166616	5	2.1053e-07	3.8567e-05	0.5213	0.68791
chr20	43710951	43711056	0.098125	0.212778	5	8.5388e-09	7.9408e-06	0.86071	0.64793
chr20	44177339	44177479	1.5411e-13	-0.220618	14	4.4409e-14	1.2471e-17	0.14762	0.36824
chr20	44180836	44180978	3.1786e-13	0.271341	11	4.1522e-14	2.5723e-17	0.57594	0.3046
chr20	44188739	44188887	1	0.120819	8	8.3194e-07	0.00060147	0.85389	0.73307
chr20	44188933	44189087	0.080015	0.208867	5	6.1992e-09	6.4753e-06	0.52776	0.3189
chr20	44246905	44247082	0.37982	0.176291	7	3.289e-07	3.0737e-05	0.47943	0.30314
chr20	44247399	44247451	8.1515e-06	0.260861	7	3.4894e-13	6.5967e-10	0.42911	0.16825
chr20	44248242	44248328	1.6162e-06	0.271921	5	4.9294e-14	1.3079e-10	0.53544	0.26352
chr20	44336318	44336484	7.788e-16	0.218879	22	3.9968e-14	6.3025e-20	0.59503	0.37615
chr20	44338435	44338588	0.22152	-0.173700	8	1.1633e-08	1.7926e-05	0.38436	0.55806
chr20	44355280	44356337	2.212e-27	-0.183301	55	4.996e-14	1.7901e-31	0.36265	0.54595
chr20	44400827	44401164	3.0287e-05	-0.176526	14	1.8274e-13	2.451e-09	0.28536	0.46188
chr20	44475308	44475536	1	-0.106520	5	0.00063022	0.0002483	0.19972	0.30624
chr20	44532541	44532620	5.4684e-05	-0.188956	9	5.4401e-14	4.4253e-09	0.23714	0.4261
chr20	44618684	44618705	1	-0.119548	5	0.00057587	0.015931	0.40049	0.52004
chr20	44651105	44651230	0.73664	0.102918	9	6.2171e-07	5.9613e-05	0.26584	0.16292
chr20	44714603	44714663	2.3007e-05	-0.233263	7	5.218e-14	1.8619e-09	0.1823	0.41557
chr20	44749798	44749820	1	0.122870	5	4.5246e-05	0.0049592	0.77742	0.65455
chr20	44809108	44809313	1	0.109560	5	0.016378	0.04468	0.79815	0.68859
chr20	45097780	45098717	4.3988e-38	0.168272	82	5.2736e-14	3.5597e-42	0.29757	0.1293
chr20	45115279	45115455	1	0.108177	5	3.8206e-05	0.00776	0.74312	0.63494
chr20	45115862	45116033	7.2558e-07	0.182962	8	4.7518e-14	5.8718e-11	0.77528	0.59232
chr20	45174843	45174964	1	-0.133073	5	0.004784	0.023273	0.39384	0.52691
chr20	45207387	45207590	0.022409	0.113684	9	4.0644e-09	1.8135e-06	0.83696	0.72328
chr20	45254904	45255105	0.078922	0.164239	5	1.4831e-09	6.3868e-06	0.32587	0.16163
chr20	45308472	45308641	0.020624	-0.174841	11	9.3004e-12	1.669e-06	0.39626	0.5711
chr20	45347095	45347211	3.3584e-09	-0.292988	8	4.6185e-14	2.7178e-13	0.34414	0.63713
chr20	45348899	45348934	3.9782e-07	-0.234407	8	4.5297e-14	3.2194e-11	0.30871	0.54312
chr20	45368299	45368410	1.0873e-11	0.339112	7	4.4631e-14	8.7993e-16	0.74313	0.40401
chr20	45407437	45407626	0.0027456	-0.182141	10	2.3507e-11	2.2219e-07	0.24181	0.42395
chr20	45408082	45408343	1	-0.198506	6	2.115e-06	0.00012298	0.54585	0.74436
chr20	45408879	45408934	0.45254	0.248144	5	2.6714e-08	3.6622e-05	0.66699	0.41885
chr20	45469015	45469190	6.5024e-06	-0.204400	10	1.0003e-13	5.2621e-10	0.43442	0.63882
chr20	45471034	45471172	1	0.143296	7	1.9625e-05	0.00075046	0.37989	0.23659
chr20	45515477	45515586	1	0.136183	5	0.00017957	0.017071	0.72569	0.58951
chr20	45539297	45539490	1	0.112745	5	8.7506e-06	0.0003927	0.84938	0.73663
chr20	45539928	45540158	0.009831	-0.170184	10	1.4995e-08	7.9558e-07	0.21758	0.38776
chr20	45547306	45547390	0.50897	0.103934	5	3.0727e-08	4.1189e-05	0.83454	0.7306
chr20	45608587	45608838	0.37448	0.116555	7	2.2541e-07	3.0305e-05	0.88701	0.77045
chr20	45630839	45631569	0.00053285	0.111391	15	6.3928e-11	4.3121e-08	0.81547	0.70408
chr20	45640878	45641169	0.00027738	0.105947	21	6.6869e-13	2.2447e-08	0.89888	0.79293
chr20	45701931	45702001	1	-0.143253	5	4.8037e-06	0.00033793	0.47855	0.6218
chr20	45706109	45706275	1	0.129007	6	6.3412e-07	0.00071967	0.83123	0.70223
chr20	45723979	45724057	0.012861	0.196307	5	7.3326e-10	1.0408e-06	0.82176	0.62545
chr20	45808750	45808807	0.15259	0.124314	6	7.8012e-08	1.2349e-05	0.84557	0.72126
chr20	45812113	45812229	0.00045829	-0.232840	5	6.1372e-11	3.7088e-08	0.17316	0.406
chr20	45834464	45834590	7.4801e-09	-0.197725	17	4.2744e-14	6.0533e-13	0.17859	0.37632
chr20	45857821	45858154	1	0.106594	8	0.012371	0.011665	0.25096	0.14436
chr20	46027732	46027987	1	0.100022	5	0.018949	0.013999	0.4844	0.38438
chr20	46035731	46035804	1	0.102738	6	0.0012073	0.073854	0.70066	0.59792
chr20	46057342	46057430	1	0.142950	6	0.00013039	0.0033993	0.23852	0.095575
chr20	46058404	46058505	2.1919e-05	0.176037	12	4.2299e-14	1.7738e-09	0.27172	0.095683
chr20	46099816	46100096	1	0.116210	11	3.1533e-05	0.0037098	0.43144	0.31523
chr20	46118309	46118420	0.00026749	0.116407	13	5.0626e-14	2.1647e-08	0.17082	0.05441
chr20	46211086	46211220	1	-0.116317	7	3.1053e-05	0.0004384	0.4692	0.58552
chr20	46232494	46232715	1	0.143706	6	2.4295e-07	0.00038077	0.40186	0.25815
chr20	46246664	46246955	2.6776e-07	0.112593	21	4.4631e-14	2.1669e-11	0.17311	0.060521
chr20	46247650	46247728	0.025358	-0.159947	5	2.9056e-08	2.0521e-06	0.44133	0.60128
chr20	46305869	46306110	1	-0.158280	7	5.4023e-07	0.00060906	0.24448	0.40276
chr20	46315061	46315112	1	0.103889	5	0.0015837	0.019931	0.73311	0.62922
chr20	46410632	46410707	1	-0.143113	5	0.0010157	0.027184	0.34964	0.49275
chr20	46464852	46464952	0.0084172	0.144544	5	8.0439e-10	6.8117e-07	0.88085	0.7363
chr20	46510016	46510205	0.0070348	0.138230	8	1.8783e-12	5.6929e-07	0.89435	0.75612
chr20	46541270	46541636	0.0034101	0.146447	10	2.5112e-12	2.7597e-07	0.85885	0.71241
chr20	46551616	46551806	0.0017913	0.103678	14	1.0688e-11	1.4496e-07	0.82624	0.72256
chr20	46690641	46690918	0.0039049	0.128080	8	6.043e-10	3.1601e-07	0.89525	0.76717
chr20	46815049	46815097	0.011235	0.161276	6	1.0736e-09	9.0919e-07	0.34332	0.18204
chr20	47175662	47175745	6.5004e-05	0.202889	8	8.196e-12	5.2605e-09	0.51881	0.31592
chr20	47242512	47242732	8.4255e-11	-0.292718	9	4.3743e-14	6.8184e-15	0.27036	0.56308
chr20	47317445	47317788	1.3643e-12	0.217597	15	4.4409e-14	1.1041e-16	0.44043	0.22284
chr20	47318280	47318483	0.19131	-0.121228	5	4.3545e-07	1.5482e-05	0.21306	0.33429
chr20	47319041	47319229	1.7066e-07	-0.171273	16	4.5297e-14	1.3811e-11	0.17103	0.34231
chr20	47786944	47787170	0.009476	-0.161683	7	3.1172e-09	7.6685e-07	0.22234	0.38403
chr20	47951126	47951178	1	0.119860	5	2.3305e-05	0.0032199	0.88156	0.7617
chr20	47973746	47973787	1	0.125101	5	0.0014557	0.0057448	0.78338	0.65828
chr20	48382441	48382555	1	0.113751	5	1.1225e-05	0.001556	0.80412	0.69037
chr20	48564512	48564580	1	0.124153	5	0.0012492	0.0037186	0.89863	0.77448
chr20	49270657	49270726	0.019125	0.109232	10	9.9863e-09	1.5477e-06	0.85185	0.74262
chr20	49279818	49281000	4.4322e-22	0.208886	23	3.6082e-14	3.5868e-26	0.66085	0.45196
chr20	49320881	49320950	1	0.127979	5	0.00035041	0.0011473	0.569	0.44102
chr20	49568950	49569116	1	0.135081	12	5.6125e-06	0.0011138	0.65043	0.51535
chr20	49910108	49910207	7.6627e-08	-0.263262	8	4.6518e-14	6.2011e-12	0.30705	0.57031
chr20	49914006	49914118	0.3075	-0.181023	6	4.4437e-08	2.4884e-05	0.41196	0.59298
chr20	49938671	49938825	1	-0.143836	5	0.00048001	0.019558	0.50989	0.65372
chr20	50012804	50012920	1	0.127052	5	0.0016377	0.028341	0.41035	0.2833
chr20	50111527	50111600	1	0.110517	5	0.021307	0.099146	0.48501	0.3745
chr20	50112091	50112193	1	0.116002	5	0.00060793	0.013804	0.3965	0.2805
chr20	50342466	50342568	1	-0.111352	8	1.238e-05	0.00058979	0.40993	0.52128
chr20	50343237	50343436	0.053651	0.188040	7	6.825e-09	4.3418e-06	0.79344	0.6054
chr20	50343731	50343886	0.00071965	-0.182145	12	9.398e-13	5.8238e-08	0.55329	0.73544
chr20	50620817	50620879	1	0.126554	5	4.5834e-07	0.0002348	0.92324	0.79669
chr20	50729030	50729220	9.8597e-05	-0.175916	11	5.7221e-13	7.979e-09	0.33869	0.5146
chr20	50730446	50730557	1	-0.131006	8	6.904e-07	0.0012246	0.19164	0.32265
chr20	50892525	50892647	0.067477	0.157925	5	5.3545e-09	5.4607e-06	0.83086	0.67294
chr20	50928524	50928693	1	0.111614	5	0.00083789	0.0026552	0.45825	0.34664
chr20	50931987	50932034	1	0.111227	5	0.0099793	0.070115	0.32512	0.21389
chr20	51022014	51022125	0.081595	0.180066	8	7.82e-11	6.6031e-06	0.81655	0.63648
chr20	51026657	51026754	1	0.114143	5	0.0071645	0.028776	0.67357	0.55942
chr20	51092052	51092263	9.5615e-11	0.200246	11	4.3521e-14	7.7377e-15	0.32534	0.12509
chr20	51393672	51393844	1	0.146365	5	0.0004979	0.0007523	0.77057	0.6242
chr20	51492350	51492398	1	0.123720	5	0.0018101	0.046164	0.60942	0.4857
chr20	51494284	51494448	5.692e-16	0.295151	9	4.3188e-14	4.6063e-20	0.85736	0.56221
chr20	51540869	51540934	1	0.168077	8	8.6077e-08	0.00016636	0.35831	0.19023
chr20	51564009	51564152	3.3098e-07	-0.185365	7	8.0491e-14	2.6785e-11	0.1218	0.30716
chr20	51631528	51631615	0.0022932	0.242442	7	6.0063e-14	1.8558e-07	0.33694	0.094498
chr20	51696126	51696197	0.0079095	0.167925	5	1.0548e-07	6.4008e-07	0.32592	0.15799
chr20	51798950	51799050	0.0026223	0.170252	6	7.2109e-10	2.1221e-07	0.83272	0.66247
chr20	51799605	51799720	2.7401e-15	0.356054	8	4.6962e-14	2.2175e-19	0.61304	0.25698
chr20	51802388	51802504	0.30477	0.107390	23	6.3364e-10	2.4664e-05	0.67422	0.56683
chr20	52103175	52103350	0.0015798	0.245592	6	3.1e-11	1.2784e-07	0.79054	0.54495
chr20	52974188	52974446	0.20137	-0.118734	6	1.6053e-05	1.6296e-05	0.11901	0.23774
chr20	53216910	53216925	1	-0.102148	5	0.00042987	0.0010618	0.18379	0.28594
chr20	53581575	53581880	2.8671e-13	0.116982	37	4.4964e-14	2.3202e-17	0.79721	0.68023
chr20	53583054	53583252	2.9204e-07	0.149737	10	3.9524e-14	2.3634e-11	0.28827	0.13853
chr20	53609557	53609742	0.62522	0.111933	6	1.8958e-08	5.0597e-05	0.1646	0.052667
chr20	53740295	53740610	5.7154e-22	0.333978	11	4.4187e-14	4.6252e-26	0.61668	0.2827
chr20	53875627	53875747	8.4198e-08	0.153360	16	4.6851e-14	6.8138e-12	0.92904	0.77568
chr20	54070467	54070538	8.5738e-09	-0.228292	8	4.5408e-14	6.9384e-13	0.31682	0.54511
chr20	54070724	54070856	1	-0.109105	5	0.011973	0.13151	0.37316	0.48227
chr20	54071716	54071810	1	-0.175116	5	1.9567e-05	0.00022352	0.46755	0.64266
chr20	54169705	54169785	3.7782e-06	-0.260449	5	4.5519e-14	3.0576e-10	0.27678	0.53723
chr20	54172183	54172292	0.00019601	-0.175847	8	6.4437e-11	1.5862e-08	0.3743	0.55015
chr20	56003037	56003202	0.1215	0.108074	8	1.0834e-08	9.8325e-06	0.21428	0.10621
chr20	56248939	56249093	1	0.100633	13	1.0377e-06	0.00502	0.80229	0.70166
chr20	56249361	56249392	0.0020889	0.105076	8	1.0309e-09	1.6904e-07	0.83805	0.73297
chr20	56359808	56359945	0.017478	-0.136469	16	2.3284e-11	1.4144e-06	0.4527	0.58917
chr20	56411831	56412318	7.7272e-27	0.292264	18	4.4187e-14	6.2533e-31	0.55887	0.2666
chr20	56466000	56466033	1	0.151201	5	4.8037e-06	0.00022762	0.66416	0.51296
chr20	56469280	56469364	1.524e-05	0.180968	5	1.207e-08	1.2333e-09	0.41442	0.23346
chr20	56625841	56626007	0.061372	0.109211	10	2.1135e-11	4.9665e-06	0.21979	0.11058
chr20	56627254	56627302	1	0.108954	9	2.8063e-05	0.0070208	0.30722	0.19826
chr20	56627712	56628178	4.7279e-10	0.148526	20	4.2966e-14	3.8261e-14	0.30194	0.15341
chr20	56631849	56632055	1.0932e-08	0.273003	6	4.0967e-14	8.847e-13	0.59615	0.32315
chr20	56924515	56924640	8.1325e-14	0.189782	22	4.1078e-14	6.5813e-18	0.39334	0.20356
chr20	56927277	56927355	0.00029872	0.154783	12	3.3565e-12	2.4174e-08	0.64678	0.492
chr20	57090135	57090169	1	-0.121422	5	0.0080504	0.044253	0.3449	0.46633
chr20	57112660	57112791	7.5306e-06	0.175920	12	4.2855e-14	6.0942e-10	0.78554	0.60962
chr20	57199415	57199530	1	0.111536	5	2.9965e-06	0.00090257	0.91144	0.79991
chr20	57259867	57260026	0.27447	-0.163563	7	8.5788e-08	2.2211e-05	0.29937	0.46293
chr20	57260410	57260852	1	-0.146276	10	4.3899e-08	0.00016366	0.29726	0.44353
chr20	57261115	57261269	1.6455e-29	0.286167	21	4.3299e-14	1.3316e-33	0.55807	0.2719
chr20	57261581	57261702	3.0484e-05	0.251292	9	4.2077e-14	2.4669e-09	0.68364	0.43235
chr20	57262426	57262688	2.5994e-17	0.210936	20	3.9746e-14	2.1036e-21	0.82155	0.61061
chr20	57263085	57263450	4.1705e-06	0.263983	11	4.2077e-14	3.375e-10	0.69631	0.43233
chr20	57263952	57264264	0.0932	0.170073	5	3.6373e-07	7.5422e-06	0.29104	0.12096
chr20	57267345	57267428	1	0.103244	7	0.0037693	0.04478	0.31431	0.21106
chr20	57329307	57329445	0.6231	0.141003	5	1.8319e-05	5.0425e-05	0.84727	0.70627
chr20	57329919	57330066	3.2525e-12	0.276066	13	4.1744e-14	2.6321e-16	0.66148	0.38542
chr20	57350513	57350548	0.0103	-0.217717	6	1.7389e-08	8.335e-07	0.41797	0.63568
chr20	57384349	57384512	1.3404e-08	-0.247594	10	4.5186e-14	1.0848e-12	0.40307	0.65066
chr20	57390422	57390492	2.4748e-11	0.450888	5	4.5852e-14	2.0027e-15	0.66051	0.20962
chr20	57390979	57391095	0.74742	0.183005	10	8.0521e-09	6.0486e-05	0.36009	0.17709
chr20	57450500	57450718	8.1304e-07	0.166118	13	4.2522e-14	6.5796e-11	0.2391	0.072986
chr20	57559486	57559733	1	0.127356	7	0.00011996	0.0032891	0.75362	0.62626
chr20	57560900	57561180	5.8151e-05	-0.165012	17	4.6185e-14	4.7059e-09	0.27115	0.43616
chr20	57629695	57630097	2.1843e-43	0.321709	29	4.1078e-14	1.7677e-47	0.65778	0.33607
chr20	57653509	57653615	1	0.127122	5	3.5845e-05	0.00032654	0.79418	0.66706
chr20	57668385	57668501	0.10262	-0.162892	7	1.095e-08	8.3046e-06	0.56906	0.73195
chr20	57672193	57672435	2.867e-36	0.297297	28	3.1752e-14	2.3202e-40	0.73529	0.438
chr20	57697733	57698308	1.1653e-12	-0.249007	17	5.0071e-14	9.4301e-17	0.32748	0.57648
chr20	57708084	57708221	0.0061744	-0.202552	11	2.2027e-13	4.9967e-07	0.43174	0.63429
chr20	57708906	57708941	0.52877	-0.207999	5	3.4542e-07	4.2791e-05	0.17096	0.37896
chr20	57717818	57717859	1	-0.114233	8	0.00011459	0.01694	0.56925	0.68348
chr20	57717940	57718009	0.00018135	-0.321692	5	2.7769e-12	1.4676e-08	0.23289	0.55458
chr20	58203504	58203662	1	0.107159	8	4.39e-07	0.0011998	0.78241	0.67525
chr20	58227941	58228136	1	0.104240	7	0.00058588	0.0078614	0.75293	0.64869
chr20	58306815	58306958	3.2777e-05	0.138359	7	4.6296e-14	2.6525e-09	0.21169	0.073331
chr20	58458370	58458519	0.027014	0.108258	10	6.0308e-09	2.1861e-06	0.83895	0.73069
chr20	58458526	58458549	0.11927	0.203550	5	3.5322e-08	9.6517e-06	0.81507	0.61152
chr20	58466482	58466596	1	-0.110562	5	0.0024718	0.034538	0.66146	0.77202
chr20	58715663	58715790	1	-0.117866	5	0.039141	0.010946	0.68939	0.80726
chr20	58818788	58818970	0.0010748	0.188732	8	5.053e-11	8.6977e-08	0.67545	0.48672
chr20	58832594	58832793	1	0.145668	5	0.0012707	0.028346	0.62199	0.47632
chr20	58838983	58839037	0.83735	0.155107	6	2.4295e-07	6.7763e-05	0.78258	0.62748
chr20	58839989	58840322	0.04344	0.133366	16	2.9805e-12	3.5154e-06	0.44614	0.31277
chr20	58841440	58841471	2.2019e-05	0.173278	13	4.0634e-14	1.7819e-09	0.4375	0.26422
chr20	58842072	58842098	1	0.123554	5	0.00046272	0.0071463	0.48667	0.36312
chr20	58842959	58843064	1	0.151658	5	4.6927e-06	8.1098e-05	0.53481	0.38315
chr20	58851803	58851991	4.6269e-17	0.157063	28	4.5519e-14	3.7443e-21	0.49289	0.33583
chr20	58855230	58855619	0.077416	0.105014	16	2.5377e-07	6.2649e-06	0.56498	0.45996
chr20	58888697	58888784	5.2315e-05	0.192582	13	4.2299e-14	4.2337e-09	0.4186	0.22602
chr20	59007650	59008337	5.4442e-47	0.284871	38	5.0959e-14	4.4057e-51	0.72903	0.44416
chr20	59041031	59041279	0.68305	-0.190532	6	1.276e-07	5.5277e-05	0.5454	0.73593
chr20	59043410	59043446	1	0.148316	5	3.2215e-05	0.00079564	0.63758	0.48926
chr20	59223220	59223302	0.30726	-0.111749	7	1.776e-08	2.4865e-05	0.18903	0.30078
chr20	59299887	59299991	1	-0.114707	5	0.0025531	0.058769	0.12674	0.24144
chr20	59400776	59400859	1	0.189954	5	9.5832e-06	0.0036937	0.61896	0.429
chr20	59720175	59720208	1	0.100815	6	9.7903e-06	0.00018485	0.88284	0.78203
chr20	59721152	59721356	1	0.122056	5	5.9128e-07	0.0004085	0.90375	0.7817
chr20	59958365	59958755	4.149e-08	-0.192992	15	4.2744e-14	3.3576e-12	0.40801	0.60101
chr20	59995054	59995078	0.10545	-0.148724	5	5.8468e-09	8.5337e-06	0.38661	0.53534
chr20	60055109	60055442	4.2359e-11	0.153460	28	4.5852e-14	3.4279e-15	0.71923	0.56577
chr20	60055898	60056090	3.5026e-24	0.289003	19	4.774e-14	2.8345e-28	0.53625	0.24725
chr20	60090560	60090699	0.011234	-0.173340	12	2.5201e-12	9.0915e-07	0.3743	0.54764
chr20	60408534	60409030	1	0.103484	11	0.00025504	0.0021763	0.73028	0.6268
chr20	60472429	60472528	1	0.107460	5	2.0001e-05	0.00026816	0.78601	0.67855
chr20	61769211	61769253	0.49599	-0.200989	5	5.3416e-07	4.0138e-05	0.4174	0.61839
chr20	61896600	61896974	0.023669	-0.142858	7	2.0964e-10	1.9155e-06	0.12267	0.26553
chr20	61902718	61902828	0.0012791	-0.203627	8	9.9491e-11	1.0352e-07	0.36464	0.56827
chr20	61935093	61935177	1	0.157361	7	1.2269e-07	0.00021948	0.65363	0.49627
chr20	61953727	61953823	0.081422	0.103799	7	5.4088e-08	6.5891e-06	0.88511	0.78131
chr20	61954276	61954703	1	0.156652	5	4.3379e-05	0.0015187	0.71661	0.55996
chr20	62015764	62015816	1.1841e-07	0.205215	7	4.9627e-14	9.5827e-12	0.9189	0.71369
chr20	62062891	62062990	0.45413	-0.220104	5	1.1743e-07	3.6751e-05	0.43834	0.65845
chr20	62063729	62063999	0.023544	-0.157914	9	2.3896e-08	1.9054e-06	0.60507	0.76299
chr20	62070059	62070285	1.9769e-20	-0.276692	13	4.4298e-14	1.5998e-24	0.24486	0.52155
chr20	62117754	62117825	2.2236e-07	0.311455	7	7.2609e-14	1.7994e-11	0.47598	0.16453
chr20	62201406	62201580	0.0012425	0.150555	14	1.4199e-12	1.0055e-07	0.84624	0.69568
chr20	62285752	62285841	1.6509e-06	0.184090	13	4.5297e-14	1.336e-10	0.84113	0.65704
chr20	62337593	62337680	1.4232e-05	0.270343	7	4.774e-14	1.1517e-09	0.67235	0.402
chr20	62339900	62340020	1.8028e-07	0.301920	7	4.5186e-14	1.459e-11	0.81671	0.51479
chr20	62389050	62389155	0.36323	-0.160253	7	1.4649e-07	2.9395e-05	0.49663	0.65688
chr20	62427497	62427684	4.5442e-09	-0.174783	19	4.0523e-14	3.6774e-13	0.39619	0.57098
chr20	62474687	62474758	1	0.116213	5	0.00053556	0.029749	0.29313	0.17691
chr20	62548321	62548440	0.44645	0.258047	5	8.7332e-08	3.613e-05	0.77475	0.5167
chr20	62556428	62556900	1	-0.140632	9	3.2364e-05	0.0053066	0.36724	0.50787
chr20	62563909	62563949	1	0.124079	5	4.6208e-05	0.0028461	0.85146	0.72739
chr20	62583599	62583662	0.0033115	-0.173710	5	3.0527e-09	2.6798e-07	0.072656	0.24637
chr20	62599742	62599838	1	0.101606	11	6.8837e-07	0.00034296	0.86537	0.76376
chr20	62603903	62604085	1.2002e-35	0.301682	25	4.341e-14	9.7127e-40	0.5007	0.19902
chr20	62641722	62641751	1	0.121508	5	0.00039921	0.0047287	0.34405	0.22254
chr20	62643552	62643745	7.6576e-22	-0.265361	16	4.6296e-14	6.197e-26	0.19368	0.45904
chr20	62647028	62647071	1	-0.194150	5	1.113e-07	0.00011045	0.30092	0.49507
chr20	62652870	62652935	1.4718e-05	-0.252472	6	9.2965e-11	1.1911e-09	0.24533	0.4978
chr20	62666687	62666805	7.5945e-11	-0.309539	10	4.0967e-14	6.1459e-15	0.26722	0.57676
chr20	62667773	62667866	9.438e-10	-0.310791	10	4.13e-14	7.6377e-14	0.37272	0.68351
chr20	62704186	62704258	1	-0.110797	5	0.00063022	0.0054974	0.68531	0.7961
chr20	62709421	62709624	2.3949e-05	0.144026	26	4.1411e-14	1.9381e-09	0.77271	0.62868
chr20	62711839	62711892	1	-0.175278	6	9.6229e-06	0.00024893	0.54871	0.72398
chr20	62740055	62740121	1	0.141290	6	6.5143e-05	0.00086927	0.37637	0.23508
chr20	62740146	62740457	2.8992e-53	0.323664	33	3.3196e-14	2.3462e-57	0.58482	0.26116
chr20	62773535	62773613	1	-0.120893	5	0.00043787	0.0038025	0.40809	0.52898
chr20	62840503	62840741	1.278e-10	-0.290086	13	3.9746e-14	1.0342e-14	0.34613	0.63622
chr20	62841851	62842041	1	-0.118001	13	1.5952e-06	0.00081949	0.57458	0.69258
chr20	62873574	62873596	0.85094	-0.167097	5	6.0611e-06	6.8863e-05	0.47203	0.63913
chr20	62877121	62877270	1	0.104316	14	8.1782e-06	0.00076045	0.67109	0.56678
chr20	62887566	62887773	0.0037818	-0.183664	10	9.284e-12	3.0604e-07	0.25568	0.43934
chr20	62931574	62931640	1	0.114599	8	4.7808e-06	0.00063302	0.84866	0.73406
chr20	62959321	62959844	2.7133e-08	0.229570	13	4.4742e-14	2.1957e-12	0.8225	0.59293
chr20	62978242	62978297	6.9387e-14	0.319939	7	4.5075e-14	5.6152e-18	0.49427	0.17433
chr20	62981060	62981191	1.9551e-11	0.114088	21	4.4964e-14	1.5822e-15	0.17439	0.060306
chr20	63011934	63012068	0.46123	-0.157709	6	2.1989e-07	3.7325e-05	0.20443	0.36214
chr20	63042784	63042936	1.6892e-06	-0.188021	12	4.4298e-14	1.367e-10	0.3078	0.49582
chr20	63058324	63058375	1	-0.124130	5	8.5936e-05	0.0035958	0.28866	0.41279
chr20	63084429	63084444	1	-0.148419	6	4.3669e-06	0.00057431	0.51127	0.65969
chr20	63084525	63084578	5.8121e-06	-0.288405	7	4.5297e-14	4.7035e-10	0.23059	0.51899
chr20	63087688	63087734	1	0.107351	5	2.8319e-05	0.00022202	0.90857	0.80122
chr20	63126473	63126525	1	0.173061	7	4.0695e-05	0.0068749	0.64025	0.46719
chr20	63157289	63157316	1	0.110480	5	0.00059706	0.0084667	0.84684	0.73636
chr20	63194278	63194460	1	-0.158700	7	0.0002673	0.0051829	0.39441	0.55311
chr20	63258610	63258766	0.60696	0.197991	6	9.784e-08	4.9118e-05	0.70361	0.50562
chr20	63273791	63274074	1.004e-06	-0.177969	20	4.0301e-14	8.1253e-11	0.25239	0.43036
chr20	63289253	63289306	1	-0.193103	5	1.0271e-06	0.00013063	0.51442	0.70752
chr20	63306130	63306193	8.2755e-07	0.373641	5	4.6851e-14	6.697e-11	0.6344	0.26076
chr20	63346727	63346939	0.10372	0.121527	17	2.9408e-10	8.3938e-06	0.78949	0.66796
chr20	63358023	63358097	0.10043	-0.228269	6	2.0979e-09	8.1274e-06	0.28886	0.51713
chr20	63394891	63394968	1	-0.125568	7	0.00010248	0.0048459	0.53946	0.66503
chr20	63402150	63402253	1	-0.131258	9	1.355e-05	0.00038991	0.57796	0.70922
chr20	63411136	63411164	1	-0.103288	7	0.0030573	0.030602	0.68456	0.78785
chr20	63411164	63411200	1	-0.184592	5	2.1941e-06	0.00013729	0.62953	0.81412
chr20	63420892	63420906	0.0037652	0.231023	5	7.5626e-10	3.047e-07	0.75643	0.52541
chr20	63441784	63441881	0.00048073	0.237590	11	1.1932e-11	3.8903e-08	0.54241	0.30482
chr20	63448284	63448445	5.8794e-22	-0.263340	19	3.797e-14	4.758e-26	0.24293	0.50627
chr20	63454302	63454591	1	0.137107	5	0.0035659	0.029933	0.40204	0.26493
chr20	63490619	63490701	0.11749	-0.200086	6	1.5156e-06	9.508e-06	0.40368	0.60377
chr20	63534304	63534368	0.0021719	-0.262713	6	1.0087e-11	1.7576e-07	0.33683	0.59955
chr20	63536536	63536694	0.10189	-0.149924	8	1.3598e-08	8.2458e-06	0.25101	0.40094
chr20	63548131	63548202	1	0.100520	5	0.015946	0.015161	0.66726	0.56674
chr20	63567531	63567838	2.2141e-30	0.425000	16	4.0412e-14	1.7918e-34	0.7011	0.2761
chr20	63568733	63568850	1.1332e-10	0.371208	7	4.4409e-14	9.1707e-15	0.73614	0.36493
chr20	63580803	63580908	1	0.111744	13	4.4184e-06	0.005852	0.3167	0.20496
chr20	63642615	63642666	1	-0.163828	5	1.8319e-05	0.00072784	0.11455	0.27838
chr20	63645515	63645638	1	0.125029	5	0.0039773	0.012869	0.79877	0.67374
chr20	63648975	63649029	1	0.134423	5	0.0019341	0.017309	0.68837	0.55395
chr20	63657589	63657672	0.0081696	0.179411	6	4.1825e-10	6.6113e-07	0.72446	0.54505
chr20	63657989	63658070	0.030126	0.198633	8	9.8381e-08	2.438e-06	0.39684	0.19821
chr20	63687028	63687280	1.5694e-06	0.137486	31	4.2744e-14	1.27e-10	0.30731	0.16983
chr20	63775494	63775612	0.027599	-0.153246	14	9.6178e-11	2.2335e-06	0.46905	0.62229
chr20	63823934	63824139	1	-0.127780	7	6.4948e-05	0.0015846	0.2604	0.38818
chr20	63845060	63845260	1	0.138889	6	0.0020651	0.024544	0.51158	0.37269
chr20	63860688	63860998	0.075188	0.204537	12	2.7655e-12	6.0847e-06	0.75081	0.54627
chr20	63898976	63899122	0.029245	0.155640	10	1.0786e-10	2.3667e-06	0.79316	0.63752
chr20	63917923	63918101	7.3941e-23	0.227112	19	4.6074e-14	5.9837e-27	0.85134	0.62423
chr20	63931169	63931360	0.00020167	-0.221519	10	3.5671e-13	1.632e-08	0.53128	0.7528
chr20	63942738	63942836	1	0.118692	7	7.7285e-05	0.0030302	0.78204	0.66335
chr20	63973726	63973885	1	-0.131345	7	0.00024657	0.0057961	0.16125	0.29259
chr20	63978008	63978074	1	0.118015	6	0.0036219	0.1105	0.69342	0.5754
chr20	63980483	63980519	3.0635e-05	0.306571	5	1.8141e-13	2.4791e-09	0.61953	0.31296
chr20	64023183	64023362	1	-0.126150	5	0.0015057	0.040378	0.70014	0.82629
chr20	64023395	64023485	7.3598e-06	-0.267284	5	1.2617e-12	5.956e-10	0.48825	0.75553
chr20	64029252	64029291	0.039217	0.124729	7	1.797e-10	3.1737e-06	0.89203	0.7673
chr20	64031077	64031114	2.7745e-08	-0.325550	5	4.9183e-14	2.2453e-12	0.3612	0.68675
chr20	64037748	64037802	0.28701	-0.148046	5	1.4539e-07	2.3226e-05	0.092618	0.24066
chr20	64057303	64057384	0.070867	0.181828	7	2.558e-07	5.7349e-06	0.60267	0.42084
chr20	64072185	64072265	1	0.112219	5	1.6803e-06	0.00013509	0.92361	0.81139
chr20	64085132	64085180	1	-0.205615	6	2.9386e-06	0.00049001	0.49687	0.70248
chr20	64107708	64107782	1	0.160134	5	0.003796	0.0091735	0.46868	0.30854
chr20	64179198	64179256	1	0.101029	5	0.0031935	0.029275	0.89073	0.7897
chr20	64236456	64236645	1	-0.166182	6	0.00067124	0.0011103	0.52425	0.69043
chr20	64328719	64328752	0.047133	0.157499	5	2.3324e-09	3.8143e-06	0.37014	0.21264
