chr22	10741317	10741386	1	0.114256	7	4.7417e-05	0.0055329	0.76549	0.65123
chr22	10741386	10741416	2.9102e-05	0.158576	7	3.8891e-12	3.0831e-09	0.86669	0.70811
chr22	10741899	10741923	1	0.130356	5	3.6231e-06	0.0014055	0.84374	0.71338
chr22	10742107	10742163	0.0036336	0.113848	9	3.1222e-08	3.8495e-07	0.91593	0.80208
chr22	10743873	10744215	1	0.136293	5	0.0042971	0.037232	0.6883	0.55201
chr22	10961912	10962055	0.049773	0.121434	9	1.6048e-10	5.2731e-06	0.87055	0.74912
chr22	11050408	11050754	1	0.104719	5	0.0013148	0.0062289	0.69055	0.58583
chr22	11055737	11056309	0.00084264	0.120277	16	4.9849e-13	8.9272e-08	0.57259	0.45231
chr22	11067468	11067629	1	0.115338	10	1.5146e-07	0.00046678	0.78291	0.66757
chr22	11318899	11318969	1	0.122841	5	0.00029031	0.0020167	0.76896	0.64612
chr22	11561789	11561971	1	0.112268	14	2.1357e-07	0.00011642	0.80639	0.69412
chr22	11597973	11598039	0.14988	0.106015	8	4.6289e-09	1.5879e-05	0.88118	0.77517
chr22	11599011	11599067	1	0.113087	5	1.2844e-05	0.00094338	0.93612	0.82304
chr22	11600879	11600996	0.17488	0.109347	14	3.8446e-09	1.8527e-05	0.87394	0.7646
chr22	11601321	11601376	1	0.124242	5	6.0611e-06	0.0017344	0.92128	0.79704
chr22	11618978	11619113	1	0.101518	6	0.0004133	0.0015567	0.6632	0.56168
chr22	11621267	11621369	1	0.144986	5	2.3305e-05	0.00080485	0.89996	0.75498
chr22	11829590	11829785	1	0.178684	8	1.2009e-07	0.00015196	0.64929	0.47061
chr22	11974227	11974241	1	0.150879	5	6.4961e-06	0.00011426	0.69504	0.54416
chr22	12601814	12601905	0.14429	0.167294	8	1.7643e-10	1.5287e-05	0.79875	0.63146
chr22	12602308	12602471	1	0.160802	5	1.0257e-05	0.0003976	0.72541	0.56461
chr22	15553980	15554033	0.00024891	0.182563	10	1.3489e-13	2.6371e-08	0.80346	0.62089
chr22	15554107	15554176	1	0.123412	5	3.2912e-05	0.0016657	0.82067	0.69726
chr22	15572166	15572254	1	0.104376	5	0.0023164	0.0019508	0.66558	0.5612
chr22	15749570	15749742	2.8531e-06	0.153351	17	4.1522e-14	3.0227e-10	0.79902	0.64567
chr22	15775791	15775856	1	0.121060	10	9.616e-06	0.0043351	0.80332	0.68226
chr22	15854628	15854674	0.22313	0.115729	7	4.6569e-08	2.364e-05	0.86741	0.75168
chr22	16391582	16391661	1	0.149468	5	5.3975e-06	0.0011387	0.83706	0.68759
chr22	16403706	16403879	1	0.117867	16	1.0614e-08	0.00013746	0.79028	0.67241
chr22	16423587	16423659	1	0.134615	5	0.00036375	0.003174	0.8053	0.67069
chr22	16600760	16601179	3.9562e-31	0.222504	33	4.9183e-14	4.1913e-35	0.34993	0.12742
chr22	16602494	16602626	1.4047e-41	0.210614	35	3.8081e-14	1.4882e-45	0.30635	0.095739
chr22	16602626	16603067	3.0287e-30	0.168709	44	5.5844e-14	3.2087e-34	0.26091	0.092197
chr22	16609631	16609710	5.0975e-07	0.196575	10	8.4377e-14	5.4005e-11	0.27337	0.076792
chr22	16610256	16610334	2.8794e-12	0.256739	10	4.3077e-14	3.0506e-16	0.36411	0.10737
chr22	16610406	16610562	1	0.119633	5	0.012141	0.017339	0.62628	0.50665
chr22	16697709	16697756	1	0.151109	5	6.71e-07	0.00012194	0.92628	0.77517
chr22	17007961	17008022	1	0.175150	6	6.3352e-06	0.00068716	0.67002	0.49487
chr22	17037454	17037672	0.0014235	0.145757	25	4.7184e-14	1.5081e-07	0.61673	0.47097
chr22	17087272	17087416	1	0.140345	5	1.5239e-06	0.00093323	0.88331	0.74297
chr22	17088028	17088129	3.2405e-09	0.300935	5	4.0523e-14	3.4331e-13	0.69089	0.38996
chr22	17117621	17117949	0.20036	0.227000	5	2.596e-07	2.1226e-05	0.49745	0.27045
chr22	17199586	17199778	2.5973e-09	-0.167090	18	4.3077e-14	2.7517e-13	0.48207	0.64916
chr22	17219357	17219502	1.2271e-06	0.311214	7	5.1625e-14	1.3001e-10	0.51585	0.20463
chr22	17454941	17454998	1	0.127554	5	3.2956e-06	0.00051441	0.86762	0.74007
chr22	17477347	17477600	1	0.106502	9	1.157e-05	0.0031202	0.53654	0.43004
chr22	17734246	17734457	2.8162e-12	0.322848	7	4.1633e-14	2.9836e-16	0.69208	0.36923
chr22	17785458	17785484	1	-0.123430	7	0.00036353	0.0011109	0.30172	0.42515
chr22	17842704	17842805	3.8499e-13	0.250043	8	4.1189e-14	4.0787e-17	0.73478	0.48473
chr22	17996572	17996710	0.01102	0.273776	6	3.9876e-11	1.1675e-06	0.68254	0.40877
chr22	18005711	18005843	1	0.104128	8	0.00013286	0.0026262	0.67248	0.56835
chr22	18048449	18048491	0.00089163	0.117468	14	3.8157e-10	9.4462e-08	0.57673	0.45926
chr22	18048559	18048691	0.066248	0.116081	16	3.0265e-11	7.0186e-06	0.63009	0.51401
chr22	18048736	18048826	1	0.112798	5	0.00075352	0.0066956	0.58616	0.47337
chr22	18998285	18998321	1	0.102212	5	0.010121	0.10055	0.7134	0.61119
chr22	18999177	18999379	1	0.122848	11	1.1152e-05	0.001598	0.47043	0.34758
chr22	19029331	19029369	1	0.114092	5	3.7403e-05	0.00045389	0.19045	0.076362
chr22	19129443	19129483	1.0319e-05	0.134665	5	5.9015e-12	1.0932e-09	0.93099	0.79633
chr22	19149359	19149409	1	0.105876	5	8.952e-06	0.00020923	0.17513	0.069257
chr22	19174740	19174844	1	0.107525	7	0.0099535	0.038913	0.46679	0.35927
chr22	19290658	19290726	1	0.113452	5	0.0026367	0.0077967	0.37384	0.26039
chr22	19292477	19292597	1	-0.102642	13	4.7968e-05	0.0082601	0.41254	0.51518
chr22	19292617	19292701	1	-0.173848	5	2.5348e-06	0.00011086	0.55305	0.7269
chr22	19713992	19714028	1	-0.178747	5	1.487e-06	0.00012379	0.18484	0.36358
chr22	19730638	19730650	1	-0.102784	5	9.7723e-07	0.00018501	0.083753	0.18654
chr22	19754903	19754970	1	0.100959	9	3.3832e-05	0.0012387	0.34383	0.24287
chr22	19853797	19853852	0.078847	-0.171830	6	9.2367e-09	8.3533e-06	0.1345	0.30633
chr22	19891566	19892662	3.0764e-38	0.216137	56	3.4306e-14	3.2592e-42	0.43498	0.21884
chr22	19962331	19962379	2.5104e-05	-0.210530	8	1.763e-13	2.6596e-09	0.2383	0.44883
chr22	19962539	19962740	6.9891e-07	-0.263910	9	3.666e-13	7.4044e-11	0.24331	0.50722
chr22	20013542	20013619	0.0001436	0.221806	7	1.8974e-13	1.5213e-08	0.4469	0.22509
chr22	20032267	20032394	0.52691	0.227993	5	2.5975e-08	5.5823e-05	0.76464	0.53665
chr22	20116352	20116369	1	-0.141379	6	1.526e-05	0.0014038	0.37292	0.5143
chr22	20406521	20406698	1.7545e-06	0.174648	11	4.6962e-14	1.8587e-10	0.9014	0.72675
chr22	20422505	20422672	1	0.117695	8	1.6476e-07	0.0009513	0.71151	0.59382
chr22	20455928	20456014	1	0.114253	5	0.00055538	0.019021	0.82911	0.71486
chr22	20664026	20664173	1	0.143408	5	7.7604e-05	0.00089054	0.8147	0.67129
chr22	20671250	20671334	4.2345e-12	0.203632	15	4.0523e-14	4.4862e-16	0.35807	0.15444
chr22	20921017	20921138	1	-0.115506	5	0.0034017	0.014774	0.22316	0.33866
chr22	20953264	20953403	0.0035585	-0.240135	6	6.0153e-12	3.77e-07	0.38044	0.62057
chr22	20956346	20956526	0.00035551	-0.226736	9	4.452e-14	3.7664e-08	0.2691	0.49583
chr22	21015121	21015225	0.40238	-0.106950	8	4.068e-07	4.2629e-05	0.16953	0.27648
chr22	21042277	21042405	1	0.102690	5	0.0021348	0.015861	0.80239	0.6997
chr22	21045421	21045506	1	0.113808	7	0.0001171	0.0018511	0.33755	0.22374
chr22	21416607	21416649	1	0.153727	7	8.7419e-05	0.0097929	0.42982	0.27609
chr22	21632652	21632786	1.221e-10	0.268600	11	4.0523e-14	1.2935e-14	0.68266	0.41406
chr22	21632786	21632818	0.56467	0.109456	5	2.1417e-06	5.9823e-05	0.86588	0.75642
chr22	21937817	21937973	0.50321	-0.171399	10	1.7397e-10	5.3312e-05	0.27918	0.45058
chr22	21938708	21938794	0.095888	-0.190960	5	4.1736e-06	1.0159e-05	0.12442	0.31538
chr22	21953196	21953338	0.00057706	-0.165447	14	2.6236e-09	6.1135e-08	0.31392	0.47937
chr22	21985053	21985087	1	-0.111034	5	0.00066508	0.027818	0.32585	0.43688
chr22	22026343	22026507	1	0.110354	9	1.1898e-05	0.0007455	0.74351	0.63316
chr22	22099059	22099150	1	0.203865	5	2.1941e-06	0.00050449	0.57758	0.37371
chr22	22118255	22118374	5.169e-09	0.187593	18	4.5408e-14	5.4763e-13	0.42475	0.23716
chr22	22243386	22243555	1	-0.103823	6	0.00062693	0.028536	0.25244	0.35626
chr22	22244640	22244705	9.2143e-17	0.325242	12	4.0301e-14	9.7619e-21	0.58087	0.25563
chr22	22559741	22559901	1.4968e-06	-0.220121	11	4.341e-14	1.5857e-10	0.36207	0.58219
chr22	23016056	23016341	8.7532e-05	0.152262	12	4.341e-14	9.2734e-09	0.83123	0.67896
chr22	23144839	23144862	0.00021108	-0.208274	6	5.8596e-12	2.2362e-08	0.34841	0.55669
chr22	23181914	23181983	1.3507e-05	0.372667	5	5.3402e-14	1.431e-09	0.79597	0.4233
chr22	23182611	23182871	1	0.146169	8	1.4446e-06	0.00046711	0.31256	0.16639
chr22	23433953	23434039	1	-0.124920	5	0.00088329	0.0088235	0.48329	0.60821
chr22	23437915	23438005	0.60573	0.235037	5	1.7974e-07	6.4173e-05	0.66183	0.42679
chr22	23451606	23451844	1	0.147090	11	7.3231e-07	0.00022497	0.60375	0.45666
chr22	23454441	23454792	0.10775	0.106829	19	7.1408e-10	1.1415e-05	0.81924	0.71241
chr22	23457046	23457424	8.8878e-10	0.303659	11	4.1078e-14	9.416e-14	0.51682	0.21316
chr22	23457496	23457586	1	0.125091	8	2.3426e-07	0.00021295	0.8172	0.69211
chr22	23563341	23563475	9.738e-05	0.136396	9	1.6748e-12	1.0317e-08	0.87457	0.73817
chr22	23580122	23580365	1.9114e-06	0.284920	7	4.6296e-14	2.025e-10	0.68643	0.40151
chr22	23581021	23581472	1.6698e-24	0.322805	18	4.7296e-14	1.769e-28	0.76787	0.44506
chr22	23696307	23696446	9.3951e-11	0.340819	7	4.2188e-14	9.9535e-15	0.6537	0.31288
chr22	23716702	23716774	1	-0.101592	5	0.013929	0.044887	0.11156	0.21315
chr22	23762632	23762999	1	0.129041	5	0.035566	0.12326	0.56369	0.43465
chr22	23763486	23763577	7.4686e-18	0.364434	12	4.5186e-14	7.9125e-22	0.68015	0.31572
chr22	23772410	23772584	0.91578	-0.111982	7	6.7968e-07	9.702e-05	0.11833	0.23032
chr22	23838249	23838341	0.063814	0.182376	7	5.822e-09	6.7607e-06	0.44002	0.25765
chr22	23911667	23911838	1	0.104461	5	0.0036793	0.0057267	0.83302	0.72856
chr22	24407215	24407377	3.8772e-06	0.215904	8	5.2069e-14	4.1076e-10	0.82037	0.60447
chr22	24427056	24427174	0.17252	0.141480	10	7.7274e-09	1.8278e-05	0.78697	0.64549
chr22	24427420	24427672	2.1027e-22	0.328748	17	3.8081e-14	2.2276e-26	0.62169	0.29295
chr22	24428321	24428523	0.0016881	0.184113	8	5.4245e-13	1.7884e-07	0.74651	0.5624
chr22	24583619	24583997	2.9347e-16	-0.202785	22	4.452e-14	3.1091e-20	0.33118	0.53397
chr22	24607689	24607955	2.0119e-05	0.216961	11	6.7724e-14	2.1315e-09	0.61192	0.39496
chr22	24685021	24685179	1	0.103841	5	0.0015313	0.01529	0.88187	0.77803
chr22	24685901	24686185	1.7471e-05	0.160711	23	4.2188e-14	1.851e-09	0.515	0.35429
chr22	24688478	24688590	0.045807	0.156708	6	1.293e-09	4.853e-06	0.83995	0.68324
chr22	24764438	24764939	1	0.106609	8	1.7111e-06	0.00031466	0.76102	0.65441
chr22	24925939	24926102	1	0.122254	6	4.6693e-05	0.0035029	0.83891	0.71665
chr22	24950149	24950388	0.019372	0.243506	5	3.6951e-10	2.0523e-06	0.41297	0.16946
chr22	24953713	24953777	0.030377	-0.108921	16	2.1675e-12	3.2183e-06	0.12411	0.23303
chr22	25027732	25027835	1.4037e-16	-0.281832	12	3.8192e-14	1.4872e-20	0.34445	0.62628
chr22	25114956	25115158	0.0087847	-0.203421	7	4.667e-10	9.3068e-07	0.34514	0.54856
chr22	25199605	25199730	0.034316	0.147666	9	6.4447e-11	3.6355e-06	0.81071	0.66305
chr22	25420578	25420732	1	0.103695	10	8.592e-07	0.00020625	0.25355	0.14985
chr22	26168866	26168913	3.1586e-05	0.184622	5	3.2582e-10	3.3464e-09	0.30214	0.11752
chr22	26380232	26380494	0.27854	0.159796	9	1.6031e-08	2.9509e-05	0.67401	0.51421
chr22	26435376	26435562	1	0.155907	8	5.8146e-06	0.0012849	0.77082	0.61491
chr22	26461091	26461154	1	-0.101878	5	0.0082866	0.021435	0.60449	0.70636
chr22	26485264	26485361	1	-0.157344	7	4.9254e-05	0.00099725	0.40799	0.56534
chr22	26566069	26566171	3.8426e-08	0.291073	8	4.5075e-14	4.071e-12	0.71847	0.4274
chr22	26610533	26610626	0.11649	0.226300	5	1.207e-08	1.2341e-05	0.59669	0.37039
chr22	26618013	26618381	1	0.170248	7	0.00030667	0.0018452	0.57823	0.40799
chr22	26756961	26757117	2.9866e-08	-0.163261	20	4.3743e-14	3.1641e-12	0.21823	0.38149
chr22	26887176	26887428	1.2589e-10	0.107743	30	4.4076e-14	1.3338e-14	0.89577	0.78803
chr22	27438416	27438505	1	-0.108472	12	5.2568e-07	0.0017832	0.18006	0.28853
chr22	27438541	27438626	0.00011172	-0.111550	13	8.4155e-13	1.1836e-08	0.13751	0.24906
chr22	27612576	27612693	4.6971e-08	0.318220	7	4.3743e-14	4.9762e-12	0.64062	0.3224
chr22	27637250	27637398	0.00032787	0.204232	7	1.2707e-12	3.4736e-08	0.81494	0.61071
chr22	27669799	27670108	2.9234e-05	0.161918	15	2.1383e-13	3.0972e-09	0.32323	0.16131
chr22	27749897	27750073	0.00084907	-0.205730	7	2.973e-12	8.9953e-08	0.22624	0.43197
chr22	27804542	27804581	1	0.112207	5	0.020762	0.2344	0.65695	0.54475
chr22	27853578	27853730	1	0.161641	5	1.6002e-06	0.00013367	0.68129	0.51965
chr22	28105569	28105666	1	0.105283	5	2.6543e-05	0.0041175	0.89412	0.78883
chr22	28680248	28680311	1	0.149609	6	0.0001265	0.003402	0.43711	0.2875
chr22	28772350	28772401	1	-0.135207	5	5.4632e-05	0.00080106	0.55017	0.68538
chr22	28884904	28885264	2.2094e-21	-0.280804	24	4.0745e-14	2.3407e-25	0.37262	0.65342
chr22	29028541	29028766	1	-0.121952	5	0.0041665	0.012891	0.5505	0.67246
chr22	29062668	29062855	1	0.101021	11	8.1579e-07	0.0016889	0.85418	0.75316
chr22	29167672	29167856	9.5313e-19	0.374846	9	4.6851e-14	1.0098e-22	0.67488	0.30003
chr22	29202885	29202969	4.0052e-08	0.203513	12	4.5075e-14	4.2433e-12	0.33362	0.1301
chr22	29310605	29310765	0.40252	-0.196466	7	3.6641e-09	4.2644e-05	0.16988	0.36634
chr22	29359802	29359947	1	-0.143851	10	4.5243e-05	0.00042008	0.60295	0.7468
chr22	29480569	29480608	0.15448	0.157196	10	2.9918e-09	1.6366e-05	0.35984	0.20265
chr22	29489219	29489424	4.4279e-06	0.280272	5	1.0003e-13	4.6911e-10	0.70699	0.42671
chr22	29581596	29582184	4.1247e-29	-0.241204	31	5.107e-14	4.3699e-33	0.4799	0.72111
chr22	29719122	29719378	1	-0.156217	8	1.819e-05	0.005887	0.41088	0.5671
chr22	29768130	29768291	1	-0.106524	6	0.13426	0.099128	0.17491	0.28143
chr22	30078840	30078927	1.1182e-06	0.212487	6	5.5267e-13	1.1846e-10	0.78598	0.5735
chr22	30080197	30080282	2.8803e-06	0.171596	10	4.2966e-14	3.0515e-10	0.38472	0.21313
chr22	30080288	30080511	3.5688e-54	0.301419	40	4.0634e-14	3.7809e-58	0.53847	0.23705
chr22	30080517	30080541	1.8349e-05	0.205451	6	1.075e-12	1.944e-09	0.65858	0.45312
chr22	30196204	30196447	5.7547e-06	0.164736	10	4.5408e-14	6.0968e-10	0.25731	0.092571
chr22	30266809	30267377	5.9718e-28	0.349554	20	4.1078e-14	6.3267e-32	0.56313	0.21358
chr22	30267870	30267913	5.6963e-13	0.393446	6	4.5408e-14	6.0349e-17	0.75782	0.36437
chr22	30327492	30327502	0.014331	-0.132618	5	1.0759e-08	1.5183e-06	0.081075	0.21369
chr22	30472060	30472181	1	-0.139808	8	3.5133e-08	0.00019803	0.35521	0.49502
chr22	30481274	30481374	1	0.114061	5	0.0097003	0.0050461	0.64826	0.5342
chr22	30481812	30481948	1	0.113079	8	4.5119e-06	0.00090269	0.7927	0.67962
chr22	30505835	30505899	1	-0.116030	5	0.0036793	0.041441	0.28871	0.40474
chr22	30542719	30542773	1	-0.109474	5	1.7529e-05	0.00026466	0.094642	0.20412
chr22	30550931	30551107	0.70001	0.113061	8	2.1029e-08	7.4161e-05	0.87507	0.76201
chr22	30564827	30565171	1	0.100007	9	0.0019577	0.027194	0.75558	0.65557
chr22	30566105	30566340	1.8127e-06	-0.169068	14	4.6518e-14	1.9204e-10	0.34124	0.51031
chr22	30634865	30634871	1	0.178022	5	2.8319e-05	0.0006676	0.49274	0.31471
chr22	30636573	30636699	0.14166	-0.198331	10	5.6825e-10	1.5008e-05	0.27257	0.4709
chr22	30644151	30644251	1	0.144928	8	6.6674e-08	0.00016944	0.70372	0.55879
chr22	30668602	30668666	0.00076533	-0.263081	5	3.8743e-11	8.1082e-08	0.22222	0.48531
chr22	30822189	30822243	0.65945	-0.117779	7	3.7105e-06	6.9865e-05	0.1237	0.24148
chr22	30822792	30823144	1	0.124833	7	0.0029137	0.0014518	0.23686	0.11203
chr22	30922317	30922387	0.001344	0.100398	18	7.6425e-11	1.4239e-07	0.39133	0.29093
chr22	30922403	30922457	0.039463	0.147260	7	1.7161e-08	4.1809e-06	0.58762	0.44036
chr22	30940801	30940871	1.8953e-06	0.233753	7	4.4964e-14	2.008e-10	0.85417	0.62042
chr22	31079079	31079236	0.038429	-0.162632	11	1.963e-12	4.0713e-06	0.32121	0.48384
chr22	31122720	31123058	6.1744e-06	-0.181039	13	4.2188e-14	6.5414e-10	0.20294	0.38398
chr22	31350444	31350692	0.0020444	-0.223251	8	1.9421e-12	2.1659e-07	0.34216	0.56541
chr22	31400625	31400692	0.076648	-0.183720	5	3.8391e-08	8.1204e-06	0.36061	0.54433
chr22	31611151	31611275	1	-0.105678	7	0.014393	0.021164	0.52517	0.63085
chr22	31618379	31618454	8.9177e-05	-0.203143	12	4.452e-14	9.4477e-09	0.45079	0.65393
chr22	31753116	31753471	0.00035278	0.215599	11	8.0269e-14	3.7375e-08	0.5101	0.2945
chr22	31754660	31755062	5.9017e-05	-0.132247	13	4.4076e-14	6.2524e-09	0.13823	0.27047
chr22	32042959	32043341	9.5529e-05	-0.103992	24	4.3632e-14	1.0121e-08	0.15676	0.26075
chr22	32043341	32043407	0.0050643	-0.198070	9	2.1238e-11	5.3653e-07	0.20839	0.40646
chr22	32110509	32110613	0.55054	0.126881	5	1.8076e-06	5.8326e-05	0.76467	0.63779
chr22	32159298	32159404	1	0.114044	5	0.00020572	0.006372	0.67699	0.56294
chr22	32160123	32160564	0.070185	0.135660	9	1.8082e-10	7.4357e-06	0.83235	0.69669
chr22	32191117	32191205	1	0.146353	5	2.0406e-06	0.0011935	0.8763	0.72994
chr22	32193307	32193501	0.00038033	0.124325	8	2.079e-12	4.0293e-08	0.81999	0.69566
chr22	32203523	32203699	1	-0.109759	8	0.0036634	0.037355	0.36758	0.47734
chr22	32255317	32255415	0.0012306	-0.189780	5	1.3785e-07	1.3037e-07	0.35992	0.5497
chr22	32255574	32255922	0.0010683	0.181201	7	1.904e-10	1.1318e-07	0.74509	0.56388
chr22	32272391	32272476	1	0.151888	5	3.2215e-05	0.0019116	0.89377	0.74188
chr22	32357844	32358038	0.89498	0.127083	8	3.5051e-09	9.4818e-05	0.82328	0.6962
chr22	32414297	32414453	0.014848	0.170867	5	3.6317e-08	1.5731e-06	0.56857	0.39771
chr22	32473918	32474059	1	-0.138665	5	0.00080884	0.01125	0.49095	0.62961
chr22	32799213	32799430	0.063097	0.160174	5	2.8071e-07	6.6848e-06	0.76343	0.60326
chr22	32861564	32861790	4.816e-05	0.117799	13	7.3941e-14	5.1022e-09	0.9112	0.7934
chr22	32862717	32862898	1	0.149472	5	6.2029e-06	0.00094394	0.85138	0.70191
chr22	32882113	32882211	5.5462e-06	0.188097	9	3.1508e-13	5.8759e-10	0.42003	0.23193
chr22	33006370	33006548	1	0.105388	5	0.0022421	0.018873	0.78604	0.68065
chr22	33006582	33006787	0.0045251	-0.179705	14	1.2668e-13	4.7941e-07	0.3971	0.57681
chr22	33650490	33650537	0.0029502	0.110136	7	7.7452e-10	3.1255e-07	0.90179	0.79165
chr22	34992875	34993028	1	0.100742	8	4.6909e-05	0.022224	0.4546	0.35386
chr22	35399389	35399401	0.97626	0.114617	5	2.881e-07	0.00010343	0.89475	0.78013
chr22	35604991	35605120	0.030153	0.215906	5	9.0977e-10	3.1946e-06	0.41412	0.19821
chr22	35850007	35850172	3.848e-05	-0.231744	8	8.4488e-14	4.0767e-09	0.31856	0.5503
chr22	36156733	36156813	1.8207e-12	0.317390	8	4.4298e-14	1.9289e-16	0.56882	0.25143
chr22	36161452	36161560	1	0.140861	5	0.0013374	0.012862	0.66035	0.51949
chr22	36162011	36162044	0.055898	0.160632	6	3.4014e-07	5.9221e-06	0.59726	0.43663
chr22	36166946	36167070	6.6249e-07	0.237007	8	4.4964e-14	7.0187e-11	0.66348	0.42647
chr22	36189927	36189997	1	-0.134380	5	0.0087778	0.045176	0.66126	0.79564
chr22	36197061	36197357	1	0.125316	5	0.0034017	0.024872	0.31776	0.19244
chr22	36204724	36204934	0.96003	-0.127163	9	3.6993e-07	0.00010171	0.29403	0.42119
chr22	36239853	36240010	0.40054	0.193540	5	4.9172e-06	4.2434e-05	0.58226	0.38872
chr22	36285249	36285275	0.032083	-0.186021	5	3.0727e-08	3.399e-06	0.53159	0.71761
chr22	36331270	36331525	0.010985	0.221872	7	4.5892e-12	1.1638e-06	0.47653	0.25466
chr22	36410562	36410699	9.5811e-09	-0.203873	13	4.2522e-14	1.0151e-12	0.419	0.62287
chr22	36494031	36494069	1.0828e-06	0.291162	6	4.7329e-13	1.1471e-10	0.55327	0.2621
chr22	36507449	36507514	0.90975	-0.128360	5	0.00083789	9.6382e-05	0.33875	0.46711
chr22	36566720	36567057	1	0.119229	10	6.757e-07	0.00016354	0.76321	0.64398
chr22	36609430	36609549	1	0.123143	7	6.9123e-05	0.0024231	0.83338	0.71024
chr22	36609703	36609995	1	0.120837	5	0.00020973	0.028071	0.81185	0.69102
chr22	36700105	36700146	1	0.136358	5	0.00010951	0.0039918	0.78899	0.65263
chr22	36703063	36703086	1	0.117125	8	2.4671e-07	0.00068722	0.28632	0.16919
chr22	36859449	36859547	1	0.156034	5	9.1334e-05	0.00020422	0.72193	0.56589
chr22	36860857	36861461	8.7605e-14	0.262960	14	4.5741e-14	9.2811e-18	0.52931	0.26635
chr22	36913444	36913690	1.0636e-07	0.270285	8	3.9635e-14	1.1269e-11	0.55595	0.28566
chr22	36921830	36921915	0.465	0.138585	5	1.5333e-07	4.9264e-05	0.86093	0.72234
chr22	37018363	37018683	6.7393e-07	-0.242284	12	4.1966e-14	7.1398e-11	0.32521	0.5675
chr22	37023753	37023820	0.00012311	-0.252901	6	9.4369e-14	1.3043e-08	0.42752	0.68042
chr22	37098923	37099042	0.093301	0.147571	6	1.2251e-07	9.8846e-06	0.86139	0.71382
chr22	37103453	37103610	1	0.134410	12	6.726e-09	0.00011628	0.68155	0.54714
chr22	37140044	37140131	1	0.161179	5	1.0529e-06	0.00015881	0.81994	0.65877
chr22	37149872	37149930	0.0005613	0.323145	5	1.0638e-12	5.9466e-08	0.54075	0.21761
chr22	37150251	37150365	0.37694	0.205490	5	4.058e-08	3.9934e-05	0.7044	0.49891
chr22	37176818	37176938	4.0432e-07	0.227867	11	4.4631e-14	4.2835e-11	0.48276	0.25489
chr22	37186268	37186446	1	0.119733	7	1.0008e-05	0.0060852	0.71253	0.59279
chr22	37212728	37212827	1	-0.187281	6	4.22e-07	0.00040366	0.30349	0.49077
chr22	37245443	37245592	0.1329	0.214360	6	2.0224e-08	1.408e-05	0.44348	0.22912
chr22	37282127	37282200	0.0068069	0.247498	5	1.7833e-10	7.2114e-07	0.68118	0.43368
chr22	37282686	37282832	0.00065959	0.140841	8	6.8104e-12	6.9879e-08	0.46098	0.32014
chr22	37307409	37307456	0.0065125	0.221271	5	3.5808e-10	6.8996e-07	0.29476	0.073484
chr22	37324534	37324579	0.37097	-0.134270	9	7.113e-08	3.9302e-05	0.20149	0.33576
chr22	37417002	37417109	0.12313	0.130272	9	2.446e-08	1.3045e-05	0.22624	0.095964
chr22	37424150	37424233	1	-0.148980	5	0.0014805	0.0343	0.37768	0.52666
chr22	37428513	37428805	0.088199	-0.179558	13	1.3411e-11	9.3441e-06	0.38997	0.56953
chr22	37512745	37512862	2.411e-17	-0.291602	13	4.1633e-14	2.5543e-21	0.17506	0.46666
chr22	37520130	37520162	1	-0.177152	5	6.7215e-05	0.00016686	0.51575	0.6929
chr22	37564352	37564420	1	-0.130075	5	0.0010335	0.038751	0.39396	0.52404
chr22	37566550	37566812	1.5128e-07	0.312048	8	4.4187e-14	1.6027e-11	0.54101	0.22896
chr22	37579899	37579934	1	-0.104441	5	0.0081677	0.18442	0.34783	0.45227
chr22	37661542	37661648	1	-0.105589	5	0.0051618	0.017537	0.59813	0.70371
chr22	37685420	37685591	0.67859	-0.181441	6	5.2554e-08	7.1893e-05	0.33343	0.51488
chr22	37805683	37805765	9.2211e-06	-0.200353	7	4.7629e-14	9.7692e-10	0.16641	0.36676
chr22	37823110	37823458	1	-0.102928	8	0.0016443	0.049423	0.55759	0.66052
chr22	37825442	37825514	1	-0.126735	7	5.8028e-05	0.00017294	0.2277	0.35443
chr22	37848743	37848832	0.8538	0.123946	10	1.4313e-07	9.0455e-05	0.513	0.38905
chr22	37907256	37907386	1	-0.106619	7	0.0012334	0.040256	0.27892	0.38553
chr22	38053353	38053442	3.6134e-05	0.183020	7	3.9202e-13	3.8281e-09	0.80962	0.6266
chr22	38056835	38056929	1	-0.119261	11	4.4238e-06	0.0013537	0.54235	0.66161
chr22	38083170	38083225	1	0.150798	8	1.7775e-08	0.00011562	0.80463	0.65383
chr22	38110538	38110775	3.0886e-17	-0.247190	19	4.7407e-14	3.2721e-21	0.36197	0.60916
chr22	38177994	38178182	3.819e-05	-0.214238	8	8.7223e-10	4.046e-09	0.21309	0.42733
chr22	38239588	38239768	5.5592e-06	-0.189563	12	1.3733e-13	5.8897e-10	0.36578	0.55534
chr22	38268886	38268996	1	-0.112946	5	0.00048001	0.0092179	0.65801	0.77096
chr22	38318280	38318545	7.6842e-14	-0.155244	19	4.6296e-14	8.1409e-18	0.12862	0.28386
chr22	38413169	38413353	1.1843e-10	-0.235478	10	4.4076e-14	1.2546e-14	0.1398	0.37528
chr22	38444045	38444301	0.00018234	-0.160924	10	1.7595e-10	1.9318e-08	0.23661	0.39754
chr22	38460574	38460714	1	-0.142012	5	7.004e-05	0.0048609	0.32318	0.46519
chr22	38506801	38507021	5.1145e-23	0.196856	30	4.4742e-14	5.4185e-27	0.29133	0.094472
chr22	38655811	38655920	1	-0.144898	5	0.012141	0.096055	0.39251	0.5374
chr22	38699830	38699894	0.00054348	-0.248880	7	2.4081e-13	5.7578e-08	0.19253	0.44141
chr22	38701641	38701739	2.7203e-14	0.202198	18	5.0182e-14	2.882e-18	0.36325	0.16105
chr22	38701748	38701853	1	0.101723	5	0.0016653	0.0078073	0.30729	0.20556
chr22	38751719	38751831	2.3329e-14	0.417314	7	4.4187e-14	2.4715e-18	0.60234	0.18502
chr22	38758569	38758694	1	0.157690	7	8.0327e-06	0.0001556	0.77008	0.61239
chr22	38924853	38924947	6.4321e-06	-0.267687	6	4.3077e-14	6.8144e-10	0.24685	0.51454
chr22	38957631	38957676	0.048767	-0.196585	7	5.0327e-10	5.1666e-06	0.46343	0.66001
chr22	39013759	39013812	0.80885	0.214478	7	3.5562e-07	8.5692e-05	0.67026	0.45579
chr22	39020377	39020461	5.3536e-11	-0.231872	11	4.6407e-14	5.6718e-15	0.43593	0.6678
chr22	39095897	39096061	1	-0.131947	5	0.0011076	0.019298	0.50404	0.63598
chr22	39100277	39100438	3.4831e-06	0.227385	11	1.6365e-13	3.6901e-10	0.67158	0.44419
chr22	39152097	39152181	0.0056562	-0.129677	13	7.612e-12	5.9924e-07	0.13326	0.26294
chr22	39153946	39154062	1	-0.135442	5	0.0001391	0.0065491	0.41307	0.54851
chr22	39238380	39238689	0.68792	-0.151699	9	6.8621e-09	7.2881e-05	0.33406	0.48576
chr22	39239088	39239219	1	-0.161617	7	7.4467e-07	0.0007563	0.273	0.43461
chr22	39316951	39317018	1	0.109800	9	6.7609e-07	0.00023127	0.80288	0.69308
chr22	39318187	39318408	1	-0.116218	7	1.9072e-06	0.00063394	0.1058	0.22202
chr22	39349509	39349538	0.00033206	0.175290	8	1.1424e-13	3.5179e-08	0.36905	0.19376
chr22	39351381	39351455	0.00050963	0.258404	6	1.2558e-12	5.3992e-08	0.7409	0.4825
chr22	39363814	39363892	1	0.103887	10	4.7687e-06	0.0028875	0.8032	0.69932
chr22	39364227	39364288	1	0.130280	5	1.8319e-05	0.00029957	0.49439	0.36411
chr22	39403054	39403168	0.62671	0.111467	6	2.4783e-07	6.6396e-05	0.92468	0.81321
chr22	39523035	39523329	0.0039662	-0.129730	14	4.4253e-13	4.202e-07	0.10984	0.23957
chr22	39570647	39570764	1	0.140365	5	8.4205e-05	0.00032186	0.73573	0.59537
chr22	39625990	39626054	1	0.149216	5	0.0018711	0.044051	0.61399	0.46477
chr22	39656828	39656870	1	0.155430	5	3.0688e-06	0.0015887	0.79931	0.64388
chr22	39688700	39688770	1	0.128140	7	1.861e-05	0.0011533	0.71473	0.58659
chr22	39876333	39876349	1	0.143936	6	8.8259e-06	0.00027758	0.84529	0.70136
chr22	39893609	39893902	1	0.149993	5	0.00018311	0.0071906	0.89718	0.74719
chr22	39900762	39901045	4.9754e-13	0.347309	6	4.2966e-14	5.2711e-17	0.67551	0.3282
chr22	39959718	39959804	7.6203e-06	0.249479	10	4.4853e-14	8.0732e-10	0.51524	0.26576
chr22	39991238	39991361	2.2308e-10	-0.297660	8	4.7296e-14	2.3633e-14	0.32793	0.62559
chr22	40009949	40010164	2.0791e-08	0.262834	14	4.0412e-14	2.2027e-12	0.70063	0.4378
chr22	40019268	40019396	0.12764	0.153133	5	2.3874e-08	1.3523e-05	0.90129	0.74816
chr22	40041191	40041460	1	0.130243	10	3.0122e-05	0.0010765	0.43682	0.30658
chr22	40043296	40043966	6.0109e-08	-0.153779	22	4.6407e-14	6.3681e-12	0.38046	0.53424
chr22	40324597	40324703	0.0033696	0.126709	18	1.1025e-10	3.5698e-07	0.7756	0.6489
chr22	41021245	41021313	1.803e-05	-0.196218	7	4.7673e-13	1.9101e-09	0.17012	0.36634
chr22	41196580	41196673	0.017458	-0.188337	9	5.7854e-10	1.8496e-06	0.2514	0.43974
chr22	41217620	41217787	3.1308e-23	0.273000	19	4.9072e-14	3.3169e-27	0.49331	0.22031
chr22	41288464	41288563	8.882e-07	-0.293244	5	2.3725e-13	9.4099e-11	0.22305	0.51629
chr22	41380765	41380839	0.075371	-0.183588	5	2.1939e-08	7.9851e-06	0.15314	0.33673
chr22	41383346	41383468	0.0021821	-0.273758	5	1.3365e-10	2.3118e-07	0.35107	0.62483
chr22	41418212	41418305	5.4404e-17	-0.361933	7	4.6407e-14	5.7637e-21	0.24415	0.60608
chr22	41449644	41449782	0.37133	0.170885	5	5.6486e-08	3.934e-05	0.80833	0.63745
chr22	41587793	41587889	2.9239e-06	-0.220066	7	1.1235e-13	3.0977e-10	0.30909	0.52916
chr22	41917893	41918112	0.93035	-0.159526	14	1.44e-09	9.8565e-05	0.32508	0.4846
chr22	42145383	42145494	1	0.152424	5	0.00094736	0.0031498	0.64491	0.49249
chr22	42284257	42284437	1	-0.104227	7	0.00015612	0.000174	0.2311	0.33532
chr22	42291450	42291500	0.0025248	-0.251448	5	7.7119e-11	2.6749e-07	0.48141	0.73286
chr22	42292788	42292891	1	-0.161137	5	0.0015313	0.001585	0.56214	0.72328
chr22	42338580	42338815	2.0404e-06	-0.195286	14	4.2077e-14	2.1617e-10	0.37142	0.56671
chr22	42364588	42364725	0.13736	0.130579	12	5.4402e-07	1.4553e-05	0.65	0.51942
chr22	42365278	42365342	0.41774	0.143672	8	1.1238e-07	4.4257e-05	0.70645	0.56278
chr22	42367808	42367930	1	-0.104920	5	0.0014313	0.020933	0.21953	0.32445
chr22	42432076	42432575	2.6206e-05	0.259128	12	4.1078e-14	2.7763e-09	0.56568	0.30655
chr22	42515993	42516071	0.1822	-0.234135	5	4.289e-08	1.9303e-05	0.53406	0.7682
chr22	42552247	42552515	0.00014989	0.180222	14	4.4631e-14	1.588e-08	0.68605	0.50583
chr22	42620857	42620895	6.5787e-09	-0.298523	6	4.5519e-14	6.9697e-13	0.31581	0.61434
chr22	42644678	42644716	1	-0.182535	6	3.5378e-07	0.00020946	0.19802	0.38056
chr22	42646831	42647264	1	-0.114166	8	1.5102e-05	0.00044557	0.28864	0.4028
chr22	42665086	42665177	0.0020509	0.178838	5	6.7668e-09	2.1728e-07	0.79745	0.61862
chr22	42770255	42770342	0.01652	-0.145009	8	4.4307e-09	1.7502e-06	0.15098	0.29599
chr22	42797386	42797602	0.00020932	0.156204	7	5.9607e-10	2.2177e-08	0.91995	0.76375
chr22	42940042	42940104	5.6956e-09	-0.290164	6	4.4742e-14	6.0341e-13	0.34594	0.63611
chr22	43085924	43086069	7.117e-11	-0.279386	15	4.3188e-14	7.54e-15	0.37127	0.65065
chr22	43089653	43089685	1	0.141435	5	0.00011864	0.013347	0.64553	0.50409
chr22	43109848	43109966	1	-0.188332	5	2.2803e-05	0.0017175	0.3927	0.58103
chr22	43129364	43129674	0.13093	-0.184907	5	6.1322e-08	1.3872e-05	0.20807	0.39297
chr22	43143631	43143653	1	0.164943	5	0.00082325	0.031126	0.50138	0.33643
chr22	43346198	43346568	1	0.143492	5	0.043016	0.026107	0.42101	0.27752
chr22	43418187	43418207	1	0.101455	5	0.00026909	0.040001	0.85812	0.75667
chr22	43502086	43502117	1	0.140473	5	0.00048001	0.00058889	0.87046	0.72998
chr22	43528824	43528913	0.33978	0.100964	12	1.2646e-08	3.5998e-05	0.80285	0.70189
chr22	43740892	43740964	1	0.107561	7	9.8724e-06	0.00047412	0.84463	0.73707
chr22	43892732	43892779	0.095378	-0.199405	7	7.3236e-10	1.0105e-05	0.51839	0.7178
chr22	43904498	43904552	0.24105	0.148551	7	7.3343e-07	2.5537e-05	0.49991	0.35136
chr22	43996445	43996628	1.0784e-38	0.322772	28	5.651e-14	1.1425e-42	0.73913	0.41636
chr22	43996628	43996759	1.4311e-08	0.193537	14	4.6074e-14	1.5162e-12	0.8736	0.68006
chr22	44172456	44172507	1.2259e-05	0.287980	5	2.5968e-13	1.2987e-09	0.71429	0.42631
chr22	44173012	44173062	0.48937	-0.131416	8	6.9427e-08	5.1845e-05	0.50298	0.63439
chr22	44180525	44180989	1	0.149978	8	2.953e-05	0.0010196	0.44784	0.29786
chr22	44180989	44181343	3.6311e-24	0.302042	19	4.9627e-14	3.847e-28	0.57477	0.27272
chr22	44182039	44182103	0.0002752	0.285603	5	3.0779e-12	2.9156e-08	0.52304	0.23743
chr22	44622243	44622421	1	-0.118428	9	1.0243e-06	0.00053684	0.19365	0.31208
chr22	44622632	44622674	0.019394	-0.190390	6	1.026e-10	2.0547e-06	0.30813	0.49852
chr22	44664458	44664492	3.3435e-09	0.364494	5	4.6185e-14	3.5422e-13	0.5211	0.1566
chr22	44687120	44687243	0.041177	-0.255620	5	6.3831e-09	4.3625e-06	0.43426	0.68988
chr22	44701446	44701717	0.00089516	0.205804	7	3.0166e-10	9.4836e-08	0.84348	0.63768
chr22	44729256	44729847	4.072e-05	0.170436	24	4.3299e-14	4.314e-09	0.63595	0.46551
chr22	44862560	44862620	1	0.110970	7	0.00010759	0.0015268	0.87591	0.76494
chr22	44920413	44920513	1	0.100851	5	0.0022421	0.034722	0.86613	0.76528
chr22	44934462	44934558	1	-0.133024	5	0.0025531	0.056757	0.36421	0.49724
chr22	45179394	45179450	0.00081794	0.174220	6	1.6428e-11	8.6655e-08	0.79821	0.62399
chr22	45201798	45201975	8.9207e-06	-0.187213	11	6.2061e-14	9.4509e-10	0.32113	0.50834
chr22	45213453	45213603	3.627e-16	0.252268	19	4.1633e-14	3.8426e-20	0.78167	0.5294
chr22	45242914	45242999	1	-0.111339	5	0.0084071	0.028953	0.592	0.70334
chr22	45263901	45263942	1	0.109017	5	0.00013107	0.0086938	0.27917	0.17015
chr22	45310697	45310735	0.0005684	0.110753	12	2.316e-08	6.0219e-08	0.15606	0.045303
chr22	45413464	45413522	1	0.143307	10	6.2571e-06	0.00099119	0.52098	0.37767
chr22	45432321	45432424	0.0035631	0.200358	10	2.4647e-11	3.7748e-07	0.64531	0.44495
chr22	45436769	45437062	0.23285	0.127298	18	4.9755e-08	2.4669e-05	0.89153	0.76423
chr22	45437452	45437596	2.1319e-05	0.157033	10	5.9586e-13	2.2586e-09	0.86544	0.70841
chr22	45671253	45671344	0.10031	0.222780	7	3.1172e-09	1.0627e-05	0.50936	0.28658
chr22	45969686	45969841	1	0.125206	6	0.00024681	0.0015465	0.54627	0.42106
chr22	46040784	46040861	1	0.151665	5	0.00054539	0.0088596	0.69553	0.54387
chr22	46055333	46055659	2.6012e-15	-0.211784	20	3.8414e-14	2.7558e-19	0.20145	0.41323
chr22	46057927	46057988	1	0.108430	7	0.00027986	0.014168	0.34567	0.23724
chr22	46063977	46064114	2.177e-13	-0.317016	13	4.0745e-14	2.3064e-17	0.31427	0.63129
chr22	46067659	46067997	1.9844e-15	-0.215667	19	3.7081e-14	2.1023e-19	0.34723	0.5629
chr22	46069268	46069303	0.060278	-0.102007	8	1.3051e-10	6.386e-06	0.11713	0.21914
chr22	46073132	46073224	0.0030595	-0.174906	9	1.3078e-13	3.2413e-07	0.19534	0.37025
chr22	46074062	46074358	1.2173e-17	-0.283892	16	4.4964e-14	1.2897e-21	0.20554	0.48943
chr22	46075497	46075579	0.0061041	-0.290539	5	3.7484e-11	6.4669e-07	0.29291	0.58345
chr22	46081965	46081979	1	-0.137975	5	0.0069572	0.016306	0.60004	0.73802
chr22	46085397	46086144	7.1635e-51	-0.269812	42	4.674e-14	7.5893e-55	0.2621	0.53192
chr22	46254412	46254479	1	0.161646	5	2.2311e-05	0.0012166	0.71181	0.55016
chr22	46262501	46262566	0.13998	0.184604	9	2.482e-10	1.483e-05	0.6511	0.46649
chr22	46268504	46268581	1.5933e-13	-0.329506	11	4.5408e-14	1.688e-17	0.36521	0.69471
chr22	46362234	46362411	0.018498	0.188213	9	1.2446e-09	1.9598e-06	0.6028	0.41459
chr22	46364608	46364782	1.5888e-21	0.252720	23	4.7518e-14	1.6832e-25	0.7926	0.53988
chr22	46374143	46374299	0.00010635	0.107585	11	7.1036e-11	1.1267e-08	0.24991	0.14232
chr22	46374779	46374821	1	-0.145793	7	1.3314e-05	0.00011576	0.48817	0.63396
chr22	46378230	46378409	5.2685e-21	-0.341504	12	4.5519e-14	5.5817e-25	0.22962	0.57113
chr22	46413769	46413831	0.43491	-0.151983	12	2.0821e-08	4.6075e-05	0.5249	0.67688
chr22	46437905	46437993	1	0.160805	5	2.5348e-06	0.00035443	0.75156	0.59075
chr22	46531006	46531085	0.0050813	-0.231466	6	4.6004e-10	5.3833e-07	0.371	0.60247
chr22	46539004	46539198	0.013016	-0.103953	7	1.1133e-07	1.379e-06	0.11879	0.22274
chr22	46614475	46614608	6.5031e-15	0.329425	10	4.5075e-14	6.8896e-19	0.62785	0.29843
chr22	46673735	46673870	1	0.121428	5	0.00034391	0.005425	0.92702	0.80559
chr22	46674252	46674388	5.1136e-16	0.409778	9	4.3299e-14	5.4175e-20	0.74806	0.33828
chr22	46684196	46684275	0.095937	0.114000	8	2.6659e-07	1.0164e-05	0.8671	0.7531
chr22	46686006	46686466	1.9043e-10	-0.119366	42	4.1744e-14	2.0174e-14	0.36487	0.48424
chr22	46758762	46758913	1	-0.128845	5	0.016161	0.12943	0.4064	0.53525
chr22	47487622	47487686	0.015911	0.169974	5	7.6263e-08	1.6857e-06	0.88993	0.71996
chr22	47632143	47632224	0.60605	-0.119059	10	1.969e-07	6.4207e-05	0.60668	0.72573
chr22	48209365	48209464	0.1532	0.136130	9	5.9334e-09	1.623e-05	0.82577	0.68964
chr22	48210949	48211419	0.0029263	0.114209	18	2.104e-09	3.1002e-07	0.70678	0.59257
chr22	48488712	48488732	1	-0.108763	5	0.0043638	0.061936	0.47178	0.58054
chr22	48503886	48503927	1	0.121407	5	1.2559e-05	0.0011242	0.84005	0.71864
chr22	48696249	48696284	1	0.101224	5	4.1585e-05	0.0070316	0.89752	0.7963
chr22	48743778	48743874	1	-0.158067	5	3.2182e-06	0.00060993	0.60525	0.76332
chr22	48907677	48907794	1	0.106592	5	0.010708	0.0056455	0.63486	0.52827
chr22	49052387	49052625	1	0.103889	13	7.564e-06	0.00074737	0.59603	0.49214
chr22	49091531	49091601	0.94167	-0.128185	10	6.6373e-07	9.9763e-05	0.47747	0.60566
chr22	49168474	49168508	1	0.107987	5	2.0406e-06	0.00049149	0.92074	0.81275
chr22	49179841	49180015	1	0.109813	5	0.0094283	0.028019	0.64745	0.53764
chr22	49183909	49183931	1	0.153602	5	1.2832e-06	0.00027734	0.86299	0.70939
chr22	49241828	49241882	1	0.140278	5	7.9207e-05	0.0005108	0.95819	0.81791
chr22	49321846	49321962	0.025477	0.103898	15	4.7688e-10	2.6991e-06	0.85771	0.75381
chr22	49369126	49369253	0.0049694	0.174466	15	3.9013e-12	5.2648e-07	0.64972	0.47525
chr22	49404921	49405092	3.327e-05	0.110401	27	4.7407e-14	3.5248e-09	0.75382	0.64342
chr22	49447236	49447259	0.012571	0.184095	5	2.7092e-09	1.3318e-06	0.83701	0.65292
chr22	49488034	49488129	1	-0.108968	8	4.8926e-06	0.00058275	0.30893	0.4179
chr22	49492640	49492692	1	-0.143622	5	0.00082325	0.032837	0.5071	0.65072
chr22	49628562	49628678	0.48915	-0.129439	13	3.3513e-08	5.1822e-05	0.46354	0.59298
chr22	49631596	49631656	0.66904	-0.112221	7	1.0575e-08	7.0881e-05	0.79365	0.90588
chr22	49658645	49658848	1	0.112185	9	5.3142e-06	0.0030468	0.77279	0.6606
chr22	49668958	49669024	1	-0.118897	7	0.00047538	0.004442	0.58424	0.70313
chr22	49671276	49671315	0.11149	0.141903	5	1.4157e-07	1.1812e-05	0.25446	0.11256
chr22	49704466	49704733	3.135e-13	0.257608	18	4.8739e-14	3.3213e-17	0.57692	0.31931
chr22	49752566	49752695	1	-0.182524	8	1.8535e-07	0.0001264	0.43584	0.61836
chr22	49761328	49761423	3.992e-08	0.347272	5	4.3743e-14	4.2292e-12	0.67631	0.32903
chr22	49803170	49803263	1.096e-07	0.174143	15	3.9746e-14	1.1611e-11	0.84574	0.6716
chr22	49829860	49830135	1.2896e-13	0.163181	21	4.674e-14	1.3663e-17	0.80802	0.64484
chr22	49850884	49851048	1	0.107246	5	0.051744	0.081373	0.61478	0.50753
chr22	49855259	49855664	1	-0.139902	5	0.00038465	0.00023895	0.2194	0.35931
chr22	49923597	49923737	2.7848e-05	0.236141	10	4.5519e-14	2.9503e-09	0.69334	0.4572
chr22	49925492	49925616	3.8786e-20	0.496740	9	4.9183e-14	4.1091e-24	0.77557	0.27883
chr22	49963556	49963617	1	0.113730	5	0.0027229	0.0016158	0.47647	0.36274
chr22	50012575	50012865	1.3524e-19	-0.260889	20	3.9302e-14	1.4327e-23	0.2759	0.53679
chr22	50017353	50017429	1	0.142445	5	5.5782e-05	0.0091653	0.85492	0.71247
chr22	50018719	50018736	1	0.110479	5	0.00015968	0.0018423	0.80808	0.6976
chr22	50018778	50018834	1	0.134223	6	0.00065318	0.0046037	0.57921	0.44499
chr22	50040067	50040180	1	0.103199	5	0.00035702	0.015043	0.82179	0.71859
chr22	50044417	50044497	0.033316	0.225005	5	2.5518e-09	3.5296e-06	0.74106	0.51606
chr22	50044530	50044595	1	0.122582	5	6.5427e-07	0.00021476	0.2404	0.11782
chr22	50044595	50045135	1.0844e-37	0.312621	31	5.3957e-14	1.1488e-41	0.61575	0.30313
chr22	50055127	50055213	0.089058	-0.188073	5	2.8254e-08	9.4351e-06	0.39339	0.58146
chr22	50077039	50077136	1	0.173460	5	3.7098e-06	0.00022111	0.77556	0.6021
chr22	50085230	50085946	6.5196e-64	0.275799	47	3.3418e-14	6.907e-68	0.45423	0.17844
chr22	50086235	50086340	0.00072212	0.212986	8	2.5094e-12	7.6504e-08	0.58983	0.37685
chr22	50091401	50091446	1	-0.143542	5	1.0529e-06	0.0015334	0.62389	0.76744
chr22	50091950	50092274	2.1863e-15	-0.260741	13	4.7518e-14	2.3162e-19	0.30152	0.56226
chr22	50146768	50146857	1	-0.106699	13	3.1132e-06	0.00010653	0.40315	0.50985
chr22	50146956	50147109	5.4589e-10	-0.215592	12	4.2411e-14	5.7833e-14	0.22908	0.44467
chr22	50191431	50191578	0.051864	0.200497	5	2.6646e-07	5.4947e-06	0.43565	0.23515
chr22	50192418	50192714	1.3778e-19	0.358686	13	4.6074e-14	1.4597e-23	0.68655	0.32786
chr22	50257165	50257222	0.82818	-0.219258	5	1.7974e-07	8.774e-05	0.55453	0.77379
chr22	50273531	50273586	5.3839e-05	-0.141880	15	2.849e-10	5.7039e-09	0.27049	0.41237
chr22	50361316	50361344	1.9999e-05	0.167877	6	1.5266e-13	2.1188e-09	0.85977	0.6919
chr22	50446849	50447106	1.2851e-05	-0.186649	19	5.8287e-14	1.3615e-09	0.41506	0.60171
chr22	50485522	50485547	1	0.162342	6	3.4689e-07	0.00033746	0.71083	0.54849
chr22	50534076	50534235	0.61942	0.151129	9	4.0242e-08	6.5624e-05	0.58507	0.43394
chr22	50578721	50578758	1	-0.115898	8	0.00030003	0.012464	0.39117	0.50707
chr22	50755229	50755369	1	0.114892	5	0.0067552	0.018658	0.82321	0.70832
chr22	50775255	50775482	1	-0.100105	12	2.6674e-05	0.0025638	0.18918	0.28928
