chr21	8213268	8213357	1.0817e-19	0.195190	17	4.7184e-14	1.9859e-23	0.2568	0.061612
chr21	9660083	9660112	1	0.140733	5	2.8319e-05	0.00027996	0.82665	0.68592
chr21	9676858	9676986	0.095613	0.150875	5	9.9949e-08	1.7553e-05	0.81173	0.66086
chr21	9778692	9778946	0.21989	0.134024	8	6.2471e-07	4.0369e-05	0.73193	0.5979
chr21	10330567	10330813	0.002301	0.119439	13	3.6656e-11	4.2243e-07	0.86944	0.75
chr21	10342117	10342491	4.7318e-06	0.110647	29	4.0856e-14	8.6869e-10	0.83087	0.72023
chr21	10397633	10397728	1	0.111071	5	0.0099793	0.029856	0.6235	0.51243
chr21	10405551	10405594	0.00012255	0.152327	11	1.0427e-11	2.25e-08	0.806	0.65367
chr21	10405666	10405689	1	0.116035	5	2.434e-05	0.0024177	0.85946	0.74342
chr21	10413207	10413299	0.12154	0.100743	5	1.451e-06	2.2312e-05	0.92438	0.82364
chr21	10521081	10521135	1	0.123251	9	1.1907e-07	0.00024979	0.83465	0.7114
chr21	10574628	10574685	1	0.138948	7	4.0909e-07	0.0014189	0.76204	0.6231
chr21	10627437	10627463	1	0.160096	5	0.00030724	0.011126	0.59312	0.43303
chr21	10627547	10627647	0.0040597	0.155083	10	5.2153e-11	7.453e-07	0.80232	0.64723
chr21	13036893	13037296	0.00025382	0.107934	27	4.6518e-14	4.6598e-08	0.83019	0.72226
chr21	13037398	13037425	1	0.122699	5	3.5446e-07	0.00021987	0.79444	0.67174
chr21	13037900	13038180	1.3557e-09	0.126602	37	4.2966e-14	2.4888e-13	0.82529	0.69868
chr21	13825329	13825459	0.0018343	0.208420	7	1.3011e-09	3.3675e-07	0.55026	0.34184
chr21	13827452	13827570	1	0.101756	7	3.7683e-05	0.001913	0.83592	0.73416
chr21	13979402	13979480	1	-0.110047	5	0.046131	0.15832	0.26084	0.37089
chr21	14064068	14064508	5.2796e-06	0.286907	14	8.904e-14	9.6927e-10	0.95741	0.6705
chr21	14064532	14064885	9.5262e-08	0.165282	23	4.0079e-14	1.7489e-11	0.94672	0.78143
chr21	14217020	14217235	5.0855e-08	-0.245023	10	4.6296e-14	9.3364e-12	0.3707	0.61573
chr21	14273488	14273668	7.6751e-06	-0.240591	10	1.2845e-13	1.4091e-09	0.26424	0.50483
chr21	14274263	14274315	5.9254e-06	-0.235187	10	9.3037e-14	1.0878e-09	0.35774	0.59292
chr21	14542025	14542154	5.8544e-16	0.388404	6	4.2188e-14	1.0748e-19	0.59759	0.20918
chr21	16070246	16070344	6.9073e-05	-0.166985	10	9.9809e-14	1.2681e-08	0.59727	0.76426
chr21	16588197	16588299	0.011708	-0.253324	5	5.049e-09	2.1494e-06	0.21544	0.46877
chr21	17454760	17454863	7.8185e-21	0.223563	18	5.0515e-14	1.4354e-24	0.32106	0.0975
chr21	17511656	17511867	0.17024	-0.175620	5	1.3134e-05	3.1253e-05	0.35407	0.52969
chr21	17610958	17611181	1.0372e-12	-0.169454	14	4.0523e-14	1.9041e-16	0.15961	0.32906
chr21	17613292	17613379	0.00043757	0.247910	7	1.5927e-12	8.0333e-08	0.51999	0.27208
chr21	18267155	18267276	1	0.116723	6	0.00025409	0.014019	0.7687	0.65198
chr21	18752896	18753091	1	0.111325	10	2.3951e-06	0.00096488	0.85013	0.73881
chr21	18759951	18760040	0.37653	0.102732	10	8.4838e-08	6.9127e-05	0.88324	0.78051
chr21	18760040	18760082	0.00012935	0.174840	5	6.1992e-09	2.3747e-08	0.89842	0.72358
chr21	19493450	19493905	3.5208e-18	0.101283	44	3.9857e-14	6.4638e-22	0.9358	0.83451
chr21	19494401	19494907	7.0536e-53	0.347865	25	5.0293e-14	1.2949e-56	0.59064	0.24277
chr21	19677283	19677473	3.3854e-08	0.149091	20	4.2411e-14	6.2151e-12	0.89455	0.74546
chr21	20927756	20928033	0.00058982	0.194773	9	1.8741e-11	1.0828e-07	0.82109	0.62632
chr21	22359857	22360097	0.00072557	0.196996	9	5.0847e-10	1.3321e-07	0.82236	0.62537
chr21	22374709	22374829	0.15845	-0.135373	5	1.3152e-06	2.9089e-05	0.15468	0.29005
chr21	22818950	22819367	1.467e-10	0.113519	25	4.3854e-14	2.6932e-14	0.93588	0.82236
chr21	23887720	23887779	1.9503e-10	0.329601	9	4.774e-14	3.5805e-14	0.72055	0.39094
chr21	25363415	25363540	1	0.113527	8	4.0111e-05	0.0033125	0.73369	0.62016
chr21	25573596	25573648	4.9127e-07	0.289122	5	9.5368e-14	9.0192e-11	0.79685	0.50773
chr21	25640652	25640673	0.0029676	0.133356	6	1.2554e-08	5.4481e-07	0.3469	0.21354
chr21	25855754	25855942	0.0064959	0.148888	8	6.5249e-10	1.1926e-06	0.8259	0.67701
chr21	26000029	26000252	0.0024793	-0.110353	21	9.7089e-13	4.5517e-07	0.3217	0.43206
chr21	26167787	26167970	2.4448e-15	-0.194698	14	4.8184e-14	4.4883e-19	0.4046	0.5993
chr21	26570346	26570485	5.9435e-06	0.240097	5	9.6791e-11	1.0911e-09	0.58661	0.34651
chr21	26572179	26572293	0.020676	0.153958	5	9.0977e-10	3.7959e-06	0.30801	0.15405
chr21	26572697	26572748	4.4292e-06	0.247360	8	4.4187e-14	8.1315e-10	0.36123	0.11387
chr21	26572748	26573672	6.1582e-09	0.117431	26	4.1966e-14	1.1306e-12	0.25335	0.13592
chr21	26840403	26840516	0.0046649	0.113252	11	1.1692e-07	8.5641e-07	0.69695	0.58369
chr21	26842884	26842976	0.16624	-0.198751	5	9.7292e-08	3.0519e-05	0.40003	0.59878
chr21	26854828	26854958	2.1785e-08	0.144791	10	3.0154e-13	3.9995e-12	0.92802	0.78323
chr21	26861609	26861926	1.4965e-08	0.146323	18	4.3743e-14	2.7473e-12	0.87332	0.727
chr21	26962576	26962702	1.0032e-12	-0.295890	8	4.3743e-14	1.8418e-16	0.22808	0.52397
chr21	26965314	26965458	1	0.136493	5	0.0032961	0.12495	0.70344	0.56694
chr21	26965538	26965620	1.9019e-08	0.159443	15	4.6296e-14	3.4917e-12	0.30118	0.14174
chr21	28783796	28783875	0.0037945	0.102058	13	3.1789e-11	6.9662e-07	0.93069	0.82864
chr21	28785033	28785176	1	0.110669	5	0.0001476	0.0017636	0.84739	0.73672
chr21	29002427	29002468	0.41211	0.126828	5	1.6527e-08	7.5659e-05	0.22667	0.099841
chr21	29024219	29024266	1	0.104518	7	8.8499e-05	0.0015396	0.21897	0.11446
chr21	29076447	29076507	1	0.171083	5	2.7123e-05	0.00024114	0.80751	0.63643
chr21	29076541	29076648	2.8859e-10	0.282649	7	4.2966e-14	5.2982e-14	0.72124	0.43859
chr21	29077230	29077327	1.856e-11	0.112641	19	4.6518e-14	3.4075e-15	0.23449	0.12184
chr21	29079057	29079247	3.0216e-07	0.314877	5	4.5908e-13	5.5472e-11	0.69276	0.37789
chr21	29080540	29080692	1.8687e-14	0.246755	12	4.7296e-14	3.4307e-18	0.71846	0.47171
chr21	29294961	29295245	1	0.103461	5	0.025484	0.037643	0.69014	0.58668
chr21	29302768	29302966	1.9568e-09	-0.244398	9	4.1966e-14	3.5924e-13	0.26746	0.51185
chr21	29939074	29939139	3.8008e-07	0.200701	10	4.5741e-14	6.9778e-11	0.37033	0.16963
chr21	30166451	30166678	6.3365e-05	0.158631	5	2.5176e-11	1.1633e-08	0.84061	0.68198
chr21	30167770	30167913	1	0.117241	6	0.00078976	0.036941	0.79774	0.6805
chr21	30216035	30216478	6.2957e-07	-0.177452	12	4.4853e-14	1.1558e-10	0.36693	0.54438
chr21	30282490	30282600	1	0.120815	8	0.00029172	0.0048436	0.79084	0.67002
chr21	30282942	30283505	1	0.109993	10	0.00011315	0.0083566	0.62945	0.51946
chr21	30320146	30320286	0.063045	0.104820	5	3.0688e-06	1.1574e-05	0.80931	0.70449
chr21	30371770	30371970	0.00020407	0.112697	12	7.9276e-11	3.7465e-08	0.85687	0.74418
chr21	30394729	30395179	1	0.100432	7	4.1748e-05	0.0042306	0.81038	0.70995
chr21	30430216	30430449	1	0.137237	5	0.01511	0.094687	0.63686	0.49962
chr21	30430551	30430657	1	0.138127	5	0.0026367	0.047233	0.71561	0.57748
chr21	30600187	30600475	1	0.107997	5	0.00015658	0.0017617	0.68958	0.58158
chr21	31087670	31087852	4.4049e-21	0.296109	13	4.7407e-14	8.0868e-25	0.61588	0.31977
chr21	31087859	31087938	1	0.150024	6	0.0059748	0.1353	0.6453	0.49528
chr21	31249761	31249926	1	0.103386	6	3.5852e-06	0.00028925	0.91344	0.81006
chr21	31655042	31655388	3.0552e-26	0.325504	17	4.3299e-14	5.609e-30	0.6548	0.3293
chr21	31658440	31658488	0.00022126	-0.287007	5	3.2992e-12	4.0621e-08	0.41557	0.70258
chr21	31659078	31659210	0.65616	-0.145550	5	2.6592e-06	0.00012046	0.21118	0.35673
chr21	31874925	31874963	1	-0.167886	5	8.5535e-06	0.0013345	0.23526	0.40315
chr21	31875541	31875827	0.00077558	-0.124996	27	5.2905e-11	1.4239e-07	0.53149	0.65648
chr21	32413674	32413777	3.9231e-09	-0.262441	10	4.2522e-14	7.2023e-13	0.37885	0.64129
chr21	32437792	32438003	1.0458e-09	0.295673	10	4.6629e-14	1.92e-13	0.62667	0.331
chr21	32495163	32495310	0.74874	-0.140651	6	9.7903e-06	0.00013746	0.36354	0.50419
chr21	32572651	32572809	0.00069921	-0.194849	11	1.2184e-11	1.2837e-07	0.27098	0.46583
chr21	32584967	32585083	1	0.130978	6	0.00039062	0.0023675	0.68438	0.5534
chr21	32813606	32813813	5.4169e-19	0.257936	14	4.1189e-14	9.9448e-23	0.72362	0.46569
chr21	33024163	33024199	1	0.129448	9	7.3503e-07	0.00045868	0.41349	0.28404
chr21	33025424	33025476	1	0.113000	9	2.3767e-06	0.00044367	0.27209	0.15909
chr21	33030208	33030319	0.63201	-0.170891	5	2.8936e-05	0.00011603	0.31061	0.4815
chr21	33036582	33036698	0.01588	0.125474	5	5.678e-09	2.9154e-06	0.20804	0.082567
chr21	33067137	33067348	1	0.104391	10	2.7437e-06	0.0010893	0.83438	0.72999
chr21	33383272	33383591	9.9712e-31	0.261367	22	4.9072e-14	1.8306e-34	0.38511	0.12374
chr21	33401017	33401158	3.3837e-08	0.250205	8	4.0523e-14	6.2121e-12	0.81849	0.56828
chr21	33401796	33401832	1	0.120064	5	2.4874e-05	0.0008448	0.89892	0.77886
chr21	33402320	33402335	1	0.134485	6	4.0654e-06	0.00044766	0.88053	0.74604
chr21	33402395	33402520	7.4144e-06	0.337921	5	4.8789e-11	1.3612e-09	0.65321	0.31529
chr21	33402536	33402740	0.015239	0.154113	15	9.179e-12	2.7978e-06	0.3985	0.24439
chr21	33490876	33491125	1	-0.109415	5	0.0007272	0.024056	0.19853	0.30795
chr21	33546192	33546367	1	0.140007	5	3.0863e-05	0.00030188	0.66029	0.52028
chr21	33867757	33868090	4.0595e-21	0.258806	25	3.7748e-14	7.4527e-25	0.71744	0.45863
chr21	34072000	34072140	0.010601	-0.115547	10	5.7232e-11	1.9462e-06	0.77276	0.8883
chr21	34075895	34075950	2.9635e-08	0.259942	5	4.6296e-14	5.4407e-12	0.65032	0.39038
chr21	34075950	34076020	1	0.135345	5	0.00063022	0.030863	0.71049	0.57514
chr21	34180405	34180530	1	0.116688	5	2.4638e-07	0.00054525	0.81883	0.70214
chr21	34198420	34198605	0.0016906	0.176046	9	1.8082e-10	3.1037e-07	0.76252	0.58648
chr21	34363169	34363320	0.039506	0.118175	7	1.5751e-06	7.2529e-06	0.91065	0.79247
chr21	34363723	34364085	0.00039428	-0.175403	7	9.2771e-11	7.2385e-08	0.43995	0.61535
chr21	34512018	34512107	7.6253e-07	0.123887	9	4.5186e-14	1.3999e-10	0.93076	0.80687
chr21	34512170	34512334	1.4722e-08	0.187089	9	5.0182e-14	2.7028e-12	0.83484	0.64775
chr21	34517369	34517485	8.1329e-07	0.175791	14	4.019e-14	1.4931e-10	0.84975	0.67396
chr21	34518693	34518823	0.00012399	0.103867	14	2.3049e-12	2.2764e-08	0.89917	0.7953
chr21	34526294	34526420	1	-0.133634	6	1.2879e-05	0.0011573	0.38383	0.51747
chr21	34669006	34669394	1.0735e-41	0.327490	38	3.5638e-14	1.9709e-45	0.58598	0.25849
chr21	34669991	34670036	0.00058781	0.137934	6	2.73e-08	1.0791e-07	0.15173	0.013793
chr21	34690413	34690645	0.083964	-0.173491	5	7.6263e-08	1.5415e-05	0.36722	0.54071
chr21	34717084	34717202	0.20242	0.183652	5	8.8446e-07	3.7162e-05	0.57743	0.39377
chr21	34795619	34795838	3.474e-06	-0.274260	7	4.5186e-14	6.3778e-10	0.21549	0.48975
chr21	34883928	34884020	0.15563	0.151240	8	1.0834e-08	2.8571e-05	0.53869	0.38745
chr21	34886125	34886300	2.2981e-07	-0.144515	17	4.5963e-14	4.219e-11	0.11607	0.26058
chr21	34887487	34887643	0.57137	-0.115697	6	9.1193e-07	0.0001049	0.12669	0.24238
chr21	34891510	34891588	0.13552	-0.190042	5	4.4092e-08	2.4879e-05	0.23121	0.42125
chr21	35038069	35038268	0.21089	0.160341	7	2.3744e-08	3.8717e-05	0.84347	0.68313
chr21	35047180	35047377	1.8952e-17	0.229268	14	4.6407e-14	3.4793e-21	0.30363	0.074358
chr21	35047856	35047956	1.6303e-11	0.141316	12	4.7184e-14	2.993e-15	0.20772	0.0664
chr21	35049135	35049735	3.1565e-39	0.298636	23	3.7081e-14	5.795e-43	0.53731	0.23867
chr21	35205155	35205306	1.554e-24	0.276797	13	3.8858e-14	2.8529e-28	0.46461	0.18781
chr21	35720471	35720670	0.026247	0.198459	7	1.9229e-07	4.8186e-06	0.49983	0.30137
chr21	35883047	35883103	0.89606	0.119619	5	6.2029e-06	0.00016451	0.44534	0.32572
chr21	36016294	36016425	0.408	0.113876	6	7.5366e-07	7.4904e-05	0.89763	0.78376
chr21	36079491	36079541	0.29933	0.136036	5	3.3661e-07	5.4953e-05	0.84757	0.71154
chr21	36104951	36105079	0.073131	0.187006	6	2.0039e-09	1.3426e-05	0.37223	0.18522
chr21	36159574	36159744	1	-0.135359	5	0.0001941	0.0039424	0.391	0.52636
chr21	36164386	36164626	0.00027149	-0.173041	8	2.4636e-12	4.9842e-08	0.2332	0.40625
chr21	36174121	36174225	0.00037654	0.231991	5	2.2289e-10	6.9128e-08	0.86565	0.63366
chr21	36382394	36382513	1	-0.105981	5	0.0099793	0.11497	0.62764	0.73363
chr21	36388971	36389069	8.1439e-07	0.175508	13	2.4029e-12	1.4951e-10	0.8343	0.65879
chr21	36429999	36430041	7.9149e-21	0.338379	10	3.908e-14	1.4531e-24	0.52635	0.18797
chr21	36430063	36430298	6.1006e-21	0.118247	20	4.674e-14	1.12e-24	0.15759	0.039343
chr21	36480180	36480249	1	-0.106579	5	0.00047129	0.0076702	0.43163	0.53821
chr21	36480497	36480672	0.044704	0.114632	5	1.7974e-07	8.2072e-06	0.8587	0.74407
chr21	36694617	36694693	1	0.115130	5	0.00035041	0.00061889	0.2173	0.10217
chr21	36696317	36696425	0.061655	0.122609	9	4.1074e-05	1.1319e-05	0.21834	0.09573
chr21	36703298	36703335	1	0.147074	6	7.9813e-07	0.00086347	0.38168	0.23461
chr21	36705191	36705273	0.021725	0.130341	7	1.3516e-07	3.9884e-06	0.25404	0.1237
chr21	36978820	36978942	0.056807	0.267777	5	1.0606e-09	1.0429e-05	0.80401	0.53623
chr21	37071863	37071974	0.00010192	-0.218163	6	4.2888e-12	1.8711e-08	0.1731	0.39127
chr21	37202286	37202327	1	-0.140528	5	0.00076701	0.028373	0.6368	0.77733
chr21	37208500	37208574	1	0.147408	8	2.7918e-06	0.00026648	0.67964	0.53223
chr21	37220114	37220303	2.8062e-09	0.227829	13	4.1855e-14	5.1519e-13	0.63921	0.41138
chr21	37220303	37220565	1	0.152409	7	0.00045474	0.017957	0.45687	0.30446
chr21	37221452	37221566	0.13242	0.224694	5	9.0683e-07	2.4311e-05	0.39371	0.16902
chr21	37435056	37435452	1.9722e-06	0.150665	12	6.7413e-13	3.6208e-10	0.60708	0.45642
chr21	37567101	37567175	1	-0.162464	5	3.7323e-07	0.00026646	0.54164	0.7041
chr21	37715019	37715366	0.00035978	0.114590	14	7.2164e-14	6.605e-08	0.88541	0.77082
chr21	37920460	37920527	5.9715e-11	-0.238628	10	4.1411e-14	1.0963e-14	0.31207	0.5507
chr21	38076356	38076396	0.0030389	-0.194760	7	1.8106e-11	5.579e-07	0.27022	0.46498
chr21	38255898	38256306	3.3329e-06	0.103981	16	4.6074e-14	6.1188e-10	0.8745	0.77052
chr21	38272293	38272433	0.0014604	0.147024	12	2.6281e-09	2.681e-07	0.73656	0.58954
chr21	38297595	38297796	1	0.156180	5	0.00022222	0.023076	0.44926	0.29308
chr21	38301124	38301251	0.27072	0.104973	6	8.4512e-07	4.9701e-05	0.8885	0.78353
chr21	38376852	38376923	3.948e-13	0.451344	5	4.3743e-14	7.2481e-17	0.77719	0.32584
chr21	38387183	38387297	4.8238e-06	0.317626	5	4.6518e-14	8.8559e-10	0.50283	0.1852
chr21	38404470	38404590	1.4122e-07	0.290983	7	4.4409e-14	2.5926e-11	0.69226	0.40128
chr21	38498401	38498860	6.2419e-47	0.361331	18	4.4187e-14	1.1459e-50	0.66287	0.30154
chr21	38499362	38499481	0.028293	0.197806	5	2.0682e-09	5.1942e-06	0.66378	0.46597
chr21	38752267	38752354	0.00034663	0.179425	5	6.5399e-12	6.3636e-08	0.90063	0.7212
chr21	38773436	38773502	1.3423e-16	0.232223	10	4.6407e-14	2.4643e-20	0.60239	0.37017
chr21	38802786	38803008	0.13974	-0.171591	9	6.4959e-10	2.5655e-05	0.29289	0.46448
chr21	38822800	38822812	0.0018666	-0.228693	5	1.2356e-09	3.4268e-07	0.4915	0.72019
chr21	38822865	38823143	1.122e-05	-0.150851	20	4.5741e-14	2.0599e-09	0.41971	0.57056
chr21	39127694	39127856	1	0.102937	6	0.0036219	0.0033749	0.72952	0.62658
chr21	39350039	39350123	4.1176e-08	-0.184704	16	4.2855e-14	7.5594e-12	0.17151	0.35621
chr21	39387608	39387799	0.05215	0.101663	9	0.00011069	9.5741e-06	0.15484	0.053176
chr21	39660901	39660937	0.00048954	0.211236	5	1.3365e-10	8.9872e-08	0.45398	0.24274
chr21	39745297	39745348	0.083788	0.125028	5	1.6063e-08	1.5382e-05	0.91318	0.78815
chr21	39746047	39746333	2.2642e-05	0.169937	12	1.8341e-13	4.1568e-09	0.87818	0.70824
chr21	39866493	39866687	0.0226	0.136422	11	5.7576e-10	4.149e-06	0.85071	0.71429
chr21	40146693	40146730	1	-0.173361	6	1.6327e-06	0.00090947	0.41278	0.58615
chr21	40577384	40577497	0.067389	0.101702	11	6.5924e-08	1.2372e-05	0.90158	0.79987
chr21	40692774	40692868	0.023224	0.114793	8	4.3715e-10	4.2636e-06	0.93332	0.81853
chr21	40840404	40840923	0.00016319	-0.142046	17	7.4163e-14	2.9959e-08	0.41078	0.55282
chr21	41068654	41068774	1	0.149494	7	5.4385e-06	0.0013517	0.39814	0.24865
chr21	41165366	41165422	0.0012589	-0.174749	6	1.5562e-10	2.3112e-07	0.30063	0.47538
chr21	41177696	41177872	1	0.123645	5	0.0001941	0.0061762	0.77545	0.6518
chr21	41248088	41248222	1.721e-19	-0.234177	19	4.1411e-14	3.1596e-23	0.35787	0.59205
chr21	41293018	41293184	5.2825e-11	0.348684	5	4.2522e-14	9.6979e-15	0.59832	0.24964
chr21	41316012	41316541	0.017718	-0.180925	9	1.0834e-08	3.2528e-06	0.20695	0.38787
chr21	41361505	41361633	4.6653e-07	-0.198327	12	7.1498e-14	8.565e-11	0.302	0.50033
chr21	41362330	41362429	4.6188e-12	0.234305	11	4.1078e-14	8.4795e-16	0.35672	0.12241
chr21	41488221	41488336	1	0.104774	5	0.0001761	0.0041166	0.88602	0.78124
chr21	41505660	41505821	1	-0.106210	5	0.0035104	0.0090265	0.30099	0.4072
chr21	41678327	41678357	0.11192	-0.159832	6	3.4689e-07	2.0547e-05	0.34427	0.5041
chr21	41678741	41679409	1.8302e-08	-0.135623	30	4.3632e-14	3.3601e-12	0.1944	0.33003
chr21	41680458	41680574	1.9898e-06	-0.191410	8	1.3256e-13	3.6531e-10	0.23312	0.42453
chr21	41714885	41715014	1	0.116296	10	7.0656e-07	0.0009894	0.76927	0.65297
chr21	41715639	41715814	6.5967e-12	-0.252219	12	4.4076e-14	1.2111e-15	0.35811	0.61033
chr21	41716600	41716675	0.62644	0.127385	5	2.596e-07	0.00011501	0.89978	0.77239
chr21	41754545	41754672	1	0.107372	5	0.0054012	0.12589	0.76805	0.66068
chr21	41761499	41761642	2.036e-30	0.345099	19	3.6637e-14	3.7377e-34	0.53562	0.19053
chr21	41762800	41763413	2.6708e-25	0.273478	23	4.5519e-14	4.9033e-29	0.62353	0.35005
chr21	41774910	41775044	0.00026269	-0.180506	8	9.691e-12	4.8226e-08	0.29435	0.47485
chr21	41801360	41801421	1	0.116489	5	0.0001337	0.0060477	0.8548	0.73831
chr21	41801680	41801796	0.066915	0.147811	7	6.1393e-09	1.2285e-05	0.88864	0.74083
chr21	41823436	41823665	0.00042584	0.109701	13	3.1999e-09	7.8179e-08	0.84222	0.73252
chr21	41879879	41880047	5.1011e-14	0.280766	10	4.6185e-14	9.365e-18	0.44902	0.16826
chr21	41885407	41885547	7.7553e-12	0.290829	12	4.4853e-14	1.4238e-15	0.66404	0.37321
chr21	41957392	41957469	1	0.137634	5	4.6208e-05	0.0018498	0.68221	0.54458
chr21	42064131	42064170	1	0.100597	5	0.00015658	0.0023426	0.1929	0.092303
chr21	42108549	42108758	6.68e-11	0.221360	20	4.3521e-14	1.2264e-14	0.73698	0.51562
chr21	42109074	42109151	0.13606	0.213358	5	1.6063e-08	2.498e-05	0.84899	0.63563
chr21	42127699	42127763	1	0.159912	5	0.0010516	0.017821	0.80299	0.64308
chr21	42127997	42128098	1	0.106526	5	0.00022222	0.007007	0.78673	0.6802
chr21	42221493	42221640	1	0.139427	6	3.3274e-05	0.0068698	0.85707	0.71765
chr21	42235212	42235399	1.5004e-06	-0.141896	25	4.5408e-14	2.7545e-10	0.34848	0.49037
chr21	42305091	42305187	0.55625	0.120018	5	3.1426e-06	0.00010212	0.851	0.73098
chr21	42309540	42309639	1	-0.120250	5	0.0024321	0.06014	0.24378	0.36403
chr21	42312060	42312147	1	-0.137494	8	2.049e-06	0.00051545	0.56261	0.7001
chr21	42314222	42314369	0.011467	-0.245564	5	3.5808e-10	2.1051e-06	0.36737	0.61294
chr21	42315254	42315735	1.2052e-17	-0.243991	18	3.9524e-14	2.2125e-21	0.31997	0.56396
chr21	42316816	42317044	2.8229e-07	-0.198119	14	4.4409e-14	5.1825e-11	0.41083	0.60894
chr21	42351011	42351247	0.36356	-0.133134	8	3.9659e-07	6.6744e-05	0.38006	0.51319
chr21	42365630	42365721	0.047724	0.151865	5	1.7494e-08	8.7616e-06	0.83985	0.68798
chr21	42366517	42366979	5.0588e-12	-0.198774	26	4.6296e-14	9.2873e-16	0.31398	0.51275
chr21	42389333	42389740	3.8277e-11	-0.220419	19	4.4298e-14	7.0272e-15	0.31136	0.53178
chr21	42403494	42404225	1.105e-10	0.127220	36	4.6518e-14	2.0286e-14	0.75909	0.63187
chr21	42415415	42415561	1	0.173783	5	1.2559e-05	0.00076076	0.46867	0.29489
chr21	42497032	42497158	1	-0.163212	10	1.934e-06	0.00098228	0.31988	0.48309
chr21	42498912	42499269	0.19162	0.113952	8	2.3842e-08	3.5178e-05	0.84045	0.7265
chr21	42516387	42516445	0.1254	-0.224159	5	1.0156e-08	2.3021e-05	0.35393	0.57809
chr21	42518638	42518737	1	-0.114987	5	0.0028116	0.011676	0.58546	0.70045
chr21	42586406	42586538	0.0018298	0.156784	10	1.108e-13	3.3593e-07	0.85814	0.70135
chr21	42590986	42591114	5.7056e-21	0.336872	14	5.1181e-14	1.0475e-24	0.58855	0.25168
chr21	42614880	42614971	1	0.115416	7	8.7419e-05	0.0084879	0.659	0.54358
chr21	42656017	42656127	1.2656e-10	-0.301129	9	4.5408e-14	2.3235e-14	0.24694	0.54806
chr21	42666132	42666274	1	-0.117705	14	2.7073e-06	0.0016971	0.44486	0.56256
chr21	42668658	42668856	0.00028139	0.104943	21	1.4222e-13	5.166e-08	0.86375	0.7588
chr21	42681295	42681469	0.00017242	0.145003	11	4.7184e-14	3.1654e-08	0.86079	0.71579
chr21	42683706	42683919	1	0.122180	9	2.928e-06	0.00029817	0.741	0.61882
chr21	42684765	42684841	2.3882e-14	0.310628	10	4.774e-14	4.3845e-18	0.66008	0.34945
chr21	42690294	42690464	0.00095763	0.113272	9	1.0328e-08	1.7581e-07	0.93018	0.81691
chr21	42837085	42837187	1	-0.172471	5	9.8028e-06	0.00035064	0.46699	0.63946
chr21	42838105	42838189	0.0042237	-0.135470	14	1.0459e-09	7.7541e-07	0.67802	0.81349
chr21	42892659	42892741	1	-0.112161	5	0.00016607	0.009149	0.096159	0.20832
chr21	42949529	42949740	0.031751	0.158643	7	2.0937e-09	5.8291e-06	0.83497	0.67633
chr21	42955310	42955855	5.574e-43	-0.236267	50	4.4187e-14	1.0233e-46	0.31727	0.55354
chr21	43361805	43361865	6.329e-07	0.226888	9	7.3497e-14	1.1619e-10	0.59747	0.37058
chr21	43362553	43363090	7.5589e-13	0.270965	23	3.9746e-14	1.3877e-16	0.64495	0.37399
chr21	43657636	43657717	0.044022	0.226476	5	3.1597e-08	8.0818e-06	0.7882	0.56173
chr21	43720485	43720512	0.0030175	-0.223108	5	1.6527e-08	5.5397e-07	0.45478	0.67788
chr21	43724452	43724484	1	0.124225	5	1.451e-06	0.00018632	0.91078	0.78655
chr21	43727332	43727389	0.10218	0.271354	5	1.8515e-08	1.876e-05	0.65658	0.38522
chr21	43728547	43729346	1.4779e-35	0.294058	35	5.7399e-14	2.7133e-39	0.46114	0.16708
chr21	43812705	43812721	1	-0.105559	5	0.0010886	0.0040048	0.34805	0.45361
chr21	43826178	43826609	6.377e-26	-0.179549	45	4.7962e-14	1.1707e-29	0.33778	0.51733
chr21	43829955	43830088	0.025966	-0.114671	12	4.2845e-09	4.767e-06	0.58781	0.70248
chr21	43916708	43916940	1.0486e-39	0.388133	19	5.1292e-14	1.925e-43	0.67906	0.29093
chr21	43940886	43940991	2.1595e-08	-0.289921	10	4.452e-14	3.9647e-12	0.32985	0.61977
chr21	43971435	43971485	1	0.144090	5	3.1532e-05	0.00041707	0.86852	0.72443
chr21	44285350	44285384	0.15286	-0.225233	5	6.0205e-09	2.8063e-05	0.40763	0.63286
chr21	44286095	44286196	0.045809	-0.153039	9	1.7142e-07	8.41e-06	0.21092	0.36396
chr21	44338159	44338268	1	-0.114178	5	0.0066563	0.074557	0.38176	0.49594
chr21	44338276	44338324	0.033071	-0.206350	6	2.4064e-09	6.0714e-06	0.17797	0.38432
chr21	44353275	44353306	0.54156	0.138972	5	3.0863e-05	9.9423e-05	0.31124	0.17226
chr21	44353406	44354698	3.0749e-12	0.201793	38	4.3077e-14	5.645e-16	0.61835	0.41656
chr21	44369208	44369343	0.0021509	-0.148547	14	1.6356e-11	3.9488e-07	0.26531	0.41385
chr21	44427964	44428077	1.0962e-05	-0.217062	10	4.1078e-14	2.0124e-09	0.3799	0.59696
chr21	44457826	44457939	0.0024934	-0.149766	7	1.7626e-10	4.5776e-07	0.7023	0.85206
chr21	44463785	44464023	8.1305e-07	0.141936	20	4.5186e-14	1.4927e-10	0.78567	0.64373
chr21	44479658	44479699	1	0.150201	5	2.7123e-05	0.0024739	0.39401	0.24381
chr21	44550446	44550524	0.00016613	0.183975	16	7.9603e-14	3.0499e-08	0.52341	0.33944
chr21	44551606	44551749	0.00069507	-0.188191	11	3.1142e-13	1.2761e-07	0.2366	0.42479
chr21	44572191	44572531	0.00085923	0.119251	15	9.5579e-13	1.5774e-07	0.87303	0.75377
chr21	44574969	44575082	0.75292	-0.147168	5	8.4132e-07	0.00013823	0.0909	0.23807
chr21	44581732	44582150	0.2216	0.132810	10	1.4695e-08	4.0683e-05	0.73544	0.60263
chr21	44593718	44593888	2.6732e-21	-0.242492	20	4.6074e-14	4.9076e-25	0.26435	0.50684
chr21	44626434	44626476	0.1248	0.116420	5	3.0688e-06	2.2912e-05	0.84177	0.72535
chr21	44654638	44654735	1	0.202224	5	3.5089e-05	0.00099862	0.63282	0.43059
chr21	44657652	44657688	0.010001	0.211958	5	1.0935e-09	1.8361e-06	0.49546	0.2835
chr21	44657772	44657815	3.5916e-19	0.258641	10	4.2966e-14	6.5938e-23	0.61769	0.35905
chr21	44666744	44667110	6.8777e-05	-0.169892	16	4.6518e-14	1.2627e-08	0.32228	0.49218
chr21	44685825	44686190	1	0.107672	5	0.047211	0.021238	0.64799	0.54032
chr21	44706118	44706267	1	0.155287	5	8.95e-05	0.011833	0.27823	0.12294
chr21	44709476	44709545	1	0.100435	5	3.9862e-05	0.0011082	0.13654	0.0361
chr21	44709696	44709774	3.3666e-06	0.116483	15	4.3965e-14	6.1807e-10	0.19564	0.079155
chr21	44753236	44753290	1	-0.133965	5	0.0014073	0.027836	0.30147	0.43543
chr21	44800127	44800357	1.1918e-06	-0.168256	19	4.3743e-14	2.1879e-10	0.27585	0.44411
chr21	44849101	44849262	0.21664	-0.214576	5	2.5975e-08	3.9772e-05	0.57794	0.79251
chr21	44871916	44871984	4.5322e-06	-0.191128	6	6.4726e-14	8.3205e-10	0.098363	0.28949
chr21	44901551	44901631	0.25693	-0.192212	5	6.6559e-08	4.7169e-05	0.59064	0.78285
chr21	44920824	44920991	1	0.114747	10	1.9507e-06	0.0026934	0.23451	0.11976
chr21	44921015	44921152	1.1603e-13	0.310931	10	4.0412e-14	2.1302e-17	0.6043	0.29337
chr21	44965552	44965773	0.55719	0.167647	6	1.5731e-06	0.00010229	0.81858	0.65093
chr21	44987246	44987311	1	-0.107407	5	0.010708	0.022972	0.59864	0.70604
chr21	44990054	44990156	0.015901	0.162646	7	1.1133e-07	2.9192e-06	0.76732	0.60468
chr21	44999275	44999364	9.1238e-06	0.278029	9	5.9508e-14	1.675e-09	0.66158	0.38355
chr21	45004918	45005062	1	-0.108909	14	1.058e-05	0.0033134	0.44018	0.54909
chr21	45073240	45073596	3.5865e-08	-0.190155	24	4.4076e-14	6.5843e-12	0.34158	0.53174
chr21	45130638	45130730	2.28e-07	0.213041	7	4.3854e-14	4.1859e-11	0.49497	0.28193
chr21	45255817	45255856	1	0.106771	5	0.00039921	0.018369	0.8749	0.76813
chr21	45257807	45258009	1.4159e-08	-0.199234	24	4.0745e-14	2.5995e-12	0.48485	0.68409
chr21	45258556	45258663	3.0499e-11	-0.255028	13	4.6962e-14	5.5993e-15	0.33602	0.59105
chr21	45266956	45267069	5.4032e-07	0.158606	15	4.1189e-14	9.9196e-11	0.83674	0.67813
chr21	45286777	45286860	0.0034107	0.184645	10	1.9701e-10	6.2615e-07	0.51304	0.3284
chr21	45288796	45289050	1	-0.115099	5	0.0084071	0.094995	0.27253	0.38763
chr21	45367887	45367987	0.0103	-0.140583	11	5.6487e-10	1.8909e-06	0.59031	0.73089
chr21	45378328	45378356	1	-0.121018	5	0.00048888	0.0031981	0.40816	0.52918
chr21	45390640	45390739	1	-0.109880	9	6.9634e-05	0.0082483	0.63094	0.74082
chr21	45420132	45420188	1	-0.183384	6	9.1995e-08	0.00036639	0.37958	0.56297
chr21	45427762	45427983	1	-0.175294	5	2.434e-05	0.0017457	0.32516	0.50045
chr21	45455235	45455345	5.4326e-05	-0.226433	7	2.2005e-13	9.9735e-09	0.27674	0.50317
chr21	45470979	45471051	1	0.167956	7	8.7254e-06	0.0057344	0.56004	0.39208
chr21	45534097	45534178	4.6351e-08	-0.306209	7	4.2299e-14	8.5094e-12	0.40304	0.70925
chr21	45535621	45535831	2.3365e-05	0.203276	13	4.2855e-14	4.2896e-09	0.84403	0.64075
chr21	45556261	45556396	1	-0.151559	7	0.0013814	0.015667	0.24741	0.39896
chr21	45559646	45559667	1	0.110638	5	0.00012596	0.0011603	0.81777	0.70713
chr21	45632236	45632319	5.7085e-09	0.316776	9	4.1189e-14	1.048e-12	0.72916	0.41239
chr21	45742357	45742509	1	0.122678	7	3.1458e-05	0.0011573	0.71655	0.59387
chr21	45875059	45875301	0.08028	0.143481	5	6.2029e-06	1.4738e-05	0.67391	0.53043
chr21	45902452	45902617	0.13289	0.152308	5	1.7217e-06	2.4397e-05	0.80877	0.65646
chr21	45914503	45914534	0.20761	0.113289	5	8.6263e-07	3.8115e-05	0.95828	0.84499
chr21	46031634	46031766	0.056122	0.120666	14	7.2824e-10	1.0303e-05	0.83809	0.71743
chr21	46140116	46140928	1.7768e-08	-0.172933	19	4.2633e-14	3.262e-12	0.24652	0.41945
chr21	46142132	46142172	1	-0.118408	5	0.00054539	0.0077031	0.62764	0.74605
chr21	46225402	46225442	1	0.108573	5	0.002393	0.013004	0.7745	0.66593
chr21	46284303	46284332	1	-0.122782	5	0.0011663	0.01176	0.29215	0.41494
chr21	46284332	46284352	0.0089394	-0.226124	5	5.3775e-10	1.6412e-06	0.44097	0.66709
chr21	46567607	46567635	1	0.104957	5	0.00086791	0.019415	0.94975	0.84479
chr21	46602027	46602377	1	0.123998	5	3.9026e-05	0.001527	0.8061	0.6821
chr21	46605162	46605331	1	0.167990	6	0.00018951	0.018767	0.59743	0.42944
chr21	46605684	46605811	0.081784	0.127302	13	1.7485e-11	1.5015e-05	0.84604	0.71874
chr21	46606063	46606482	6.2989e-24	0.349702	11	4.6962e-14	1.1564e-27	0.68901	0.33931
chr21	46661201	46661409	0.37441	0.108024	16	4.5249e-09	6.8737e-05	0.37371	0.26569
