chr9	114732	114752	0.0014514	0.119956	10	8.5265e-13	9.4835e-08	0.19149	0.071536
chr9	272990	273177	1.0664e-34	0.349065	16	5.1958e-14	6.9679e-39	0.64934	0.30028
chr9	580061	580120	1	0.137590	5	8.7506e-06	0.00036843	0.88801	0.75042
chr9	707148	707420	1.2891e-33	0.350018	16	4.9738e-14	8.4224e-38	0.42625	0.076233
chr9	971490	971587	8.8386e-06	0.105591	19	5.9841e-14	5.775e-10	0.28678	0.18119
chr9	975058	975081	0.74878	0.106135	5	8.5001e-08	4.8924e-05	0.17707	0.070938
chr9	1047108	1047311	0.0089276	0.154046	15	1.2645e-10	5.8331e-07	0.4441	0.29005
chr9	1051471	1051598	0.13521	0.124399	15	1.2882e-09	8.8341e-06	0.28647	0.16207
chr9	1054281	1054392	1	0.205291	7	3.9402e-08	8.8465e-05	0.58671	0.38142
chr9	1056567	1056775	0.2177	0.172661	7	5.2321e-08	1.4224e-05	0.7334	0.56074
chr9	2021958	2022037	7.6234e-12	0.204765	10	4.7184e-14	4.981e-16	0.81628	0.61152
chr9	2623475	2623802	0.00041408	0.117132	33	4.6296e-14	2.7055e-08	0.45123	0.3341
chr9	3180848	3180912	1	-0.143500	5	0.00031904	0.0031643	0.19076	0.33426
chr9	3475900	3476015	4.5768e-08	0.186184	12	4.0523e-14	2.9904e-12	0.82947	0.64328
chr9	4080875	4081014	1	0.160459	5	0.00019791	0.0026859	0.82986	0.6694
chr9	4139276	4139515	1	0.140132	5	7.0571e-07	0.00035504	0.83057	0.69044
chr9	4195502	4195584	0.049444	0.115128	8	1.8817e-09	3.2306e-06	0.96399	0.84887
chr9	4226449	4226520	1	-0.114755	6	0.00039618	0.0092694	0.38541	0.50017
chr9	4300420	4300505	1	-0.133475	5	0.010265	0.080042	0.4713	0.60478
chr9	4541723	4541981	1	-0.165689	5	1.8319e-05	0.0096673	0.4456	0.61129
chr9	4662888	4662947	0.49517	-0.113211	7	1.7161e-08	3.2354e-05	0.11466	0.22787
chr9	4994607	4994656	1	-0.119462	5	0.0070601	0.077567	0.4555	0.57496
chr9	5510496	5510596	0.0028437	0.194869	6	1.5946e-10	1.858e-07	0.43335	0.23848
chr9	5756691	5756874	8.7049e-09	-0.243816	5	1.4475e-12	5.6876e-13	0.43804	0.68185
chr9	5831752	5831915	1	-0.131915	5	0.00022222	0.00018469	0.48574	0.61765
chr9	5841793	5841956	6.5623e-13	0.435006	5	4.4409e-14	4.2877e-17	0.64644	0.21143
chr9	6412781	6412836	0.0050599	0.152453	5	5.5632e-11	3.306e-07	0.19267	0.040217
chr9	6644407	6644471	1	0.121578	5	8.3607e-06	0.0053307	0.27452	0.15294
chr9	6955558	6955596	0.0049279	0.167950	5	2.026e-10	3.2198e-07	0.79652	0.62857
chr9	7274335	7274485	1	0.116923	9	3.6009e-06	0.0004079	0.82919	0.71227
chr9	8835148	8835269	1	0.110798	5	1.5694e-05	0.0012469	0.86844	0.75764
chr9	9090880	9091015	0.00045864	0.124154	16	4.674e-14	2.9967e-08	0.85462	0.73047
chr9	10613431	10613482	1	0.124854	8	4.7493e-08	0.00011626	0.26402	0.13916
chr9	10910789	10910832	1	0.184026	5	4.7021e-07	7.3294e-05	0.82622	0.64219
chr9	11196920	11197346	1.2828e-08	0.120858	25	4.2855e-14	8.3818e-13	0.89724	0.77639
chr9	11927881	11927966	0.082976	0.141847	5	1.1432e-07	5.4215e-06	0.89675	0.75491
chr9	13279936	13280137	1	0.119457	9	0.00011443	0.0014146	0.68689	0.56743
chr9	13897027	13897074	0.038633	0.110382	5	3.249e-08	2.5242e-06	0.78002	0.66964
chr9	14081425	14081519	2.1493e-05	0.252243	5	8.6531e-13	1.4043e-09	0.56267	0.31043
chr9	14238499	14238642	1	0.192829	5	4.0715e-05	0.00074329	0.60429	0.41146
chr9	14312343	14312550	1	-0.151175	5	0.00026401	0.001663	0.27262	0.4238
chr9	14433942	14433982	1.1004e-14	0.224671	12	4.13e-14	7.1897e-19	0.42453	0.19986
chr9	14434001	14434142	0.11928	0.123536	6	2.2989e-09	7.7936e-06	0.22411	0.10058
chr9	14723369	14723647	1	0.102880	5	0.0075959	0.11394	0.70051	0.59763
chr9	14749836	14749995	0.0016662	0.154551	12	2.1309e-12	1.0887e-07	0.7348	0.58025
chr9	14910296	14910374	0.0010882	-0.135730	10	7.2298e-13	7.1101e-08	0.12922	0.26495
chr9	14910447	14910727	1	-0.127251	5	0.0066563	0.10327	0.44069	0.56794
chr9	14920924	14921026	1	-0.118725	5	0.017506	0.13737	0.2561	0.37483
chr9	14992086	14992235	0.0010648	0.166925	9	2.7389e-13	6.957e-08	0.85124	0.68431
chr9	14993516	14993690	6.8827e-21	0.179869	21	4.2633e-14	4.497e-25	0.32403	0.14416
chr9	15139550	15139644	1	0.152803	5	3.5384e-06	0.00016413	0.68837	0.53557
chr9	15183841	15183961	1	0.115427	5	1.2559e-05	0.00018997	0.83436	0.71893
chr9	15305874	15306023	1	-0.121567	5	0.0060893	0.12319	0.3994	0.52096
chr9	15364630	15364973	1	0.101781	5	0.0011076	0.017939	0.89541	0.79363
chr9	16214554	16214681	1	0.108468	5	0.00012596	0.00074052	0.6838	0.57533
chr9	16413697	16413756	0.051846	-0.183853	8	4.9469e-10	3.3875e-06	0.2379	0.42175
chr9	16480541	16480613	0.027924	0.108574	11	1.6026e-10	1.8245e-06	0.93563	0.82705
chr9	16481336	16481529	1.6565e-05	0.154895	7	1.2512e-13	1.0823e-09	0.86834	0.71345
chr9	17072671	17072760	1	0.147782	5	0.0001163	0.00051712	0.90614	0.75836
chr9	17354013	17354048	1	0.113905	7	0.00040675	0.0016142	0.87851	0.76461
chr9	17591682	17591890	0.013469	0.118585	5	6.5427e-07	8.8004e-07	0.88641	0.76782
chr9	18314313	18314494	1	0.106198	7	3.6689e-07	0.00031909	0.90064	0.79445
chr9	18622304	18622360	0.056862	-0.185834	8	1.9704e-10	3.7152e-06	0.50054	0.68637
chr9	18706845	18706925	1	0.137944	8	1.2034e-06	0.00015367	0.83241	0.69446
chr9	18862007	18862222	1	0.101177	11	1.3665e-07	8.5866e-05	0.80989	0.70871
chr9	19022135	19022170	3.5198e-08	0.356097	5	4.452e-14	2.2998e-12	0.74346	0.38736
chr9	19103232	19103296	0.0046668	0.145622	8	1.626e-11	3.0492e-07	0.29058	0.14496
chr9	19128762	19128856	0.16474	0.145302	15	1.937e-10	1.0763e-05	0.32824	0.18294
chr9	19408506	19408587	4.0052e-09	0.182752	14	4.3965e-14	2.6169e-13	0.30847	0.12572
chr9	19788248	19788281	8.1264e-05	0.127448	10	3.5297e-12	5.3097e-09	0.22423	0.096785
chr9	19788399	19788469	0.45665	0.140785	5	4.8238e-07	2.9836e-05	0.2412	0.10042
chr9	19789383	19789430	1	0.116582	7	3.1697e-06	0.00052106	0.38223	0.26565
chr9	19801229	19801351	1	0.107658	5	0.0030939	0.013314	0.53905	0.43139
chr9	19801407	19801462	0.18512	0.158186	5	8.002e-07	1.2096e-05	0.77992	0.62173
chr9	19926415	19926466	2.5651e-09	-0.166294	12	4.2522e-14	1.676e-13	0.11681	0.28311
chr9	19934402	19934513	0.022392	0.171437	10	6.4841e-09	1.4631e-06	0.40157	0.23013
chr9	20208706	20208791	1	0.111839	8	6.2282e-06	0.00036813	0.86981	0.75797
chr9	20339696	20339793	2.5201e-10	0.263465	7	4.0523e-14	1.6466e-14	0.57438	0.31091
chr9	20624418	20624492	1	0.140350	8	5.9033e-08	0.00071439	0.34558	0.20523
chr9	21031785	21031911	6.5829e-12	0.196505	14	4.4298e-14	4.3012e-16	0.29076	0.094251
chr9	21187344	21187501	1	0.101662	5	1.1917e-06	8.2054e-05	0.89143	0.78977
chr9	21959318	21959406	1	0.110858	9	3.3237e-05	0.0062412	0.85327	0.74242
chr9	22005216	22005648	2.328e-39	0.295677	30	3.4084e-14	1.5211e-43	0.59997	0.3043
chr9	22362450	22362517	0.3259	0.120248	5	2.6646e-07	2.1294e-05	0.87033	0.75008
chr9	22862384	22862658	1	0.134691	5	0.00015658	0.010594	0.76741	0.63272
chr9	22863168	22863213	0.071065	0.127339	5	2.3382e-07	4.6433e-06	0.94254	0.8152
chr9	23916275	23916491	1	0.115537	5	0.002857	0.010169	0.80705	0.69152
chr9	23925745	23925794	1	0.131826	8	2.6541e-05	0.0010146	0.79919	0.66737
chr9	24968553	24968705	1	0.126031	5	0.00091481	0.010731	0.73252	0.60649
chr9	25089029	25089170	1	0.159596	5	4.3379e-05	0.0084607	0.80441	0.64482
chr9	25807656	25807944	0.72058	0.106448	9	6.002e-08	4.7081e-05	0.85073	0.74429
chr9	26349358	26349539	1	0.120642	5	7.2978e-05	0.00099073	0.68156	0.56092
chr9	26613836	26613953	1	0.118709	5	0.0041025	0.06883	0.67902	0.56031
chr9	27093575	27093901	4.9153e-49	0.444033	18	3.0531e-14	3.2116e-53	0.67922	0.23519
chr9	27109483	27109519	1.6554e-08	0.267707	6	4.4298e-14	1.0816e-12	0.55049	0.28278
chr9	27342123	27342183	1	-0.151916	5	0.00056553	0.0011968	0.6705	0.82241
chr9	27676559	27676755	1	0.138585	5	0.00025413	0.0053974	0.88258	0.744
chr9	27949433	27949566	1	0.129885	5	2.1613e-07	7.4106e-05	0.86329	0.7334
chr9	29211077	29211248	1	-0.125398	5	0.0011269	0.00019736	0.35864	0.48404
chr9	29825107	29825318	0.14118	0.127233	10	1.8342e-08	9.2243e-06	0.81076	0.68353
chr9	30689003	30689201	1	0.105944	11	7.049e-08	7.0584e-05	0.87711	0.77117
chr9	32525297	32525376	0.30153	-0.114279	11	2.8985e-07	1.9701e-05	0.1375	0.25178
chr9	33042671	33042790	1	-0.145035	5	0.0011465	0.055057	0.58226	0.72729
chr9	33043801	33044039	1	-0.106466	5	0.04887	0.07879	0.24049	0.34696
chr9	33167918	33168098	0.099264	0.222639	7	2.9596e-10	6.4857e-06	0.5107	0.28807
chr9	33240165	33240218	1	-0.154499	5	7.449e-05	0.0025186	0.33434	0.48884
chr9	33448306	33448429	1	-0.165525	10	8.4028e-08	0.00011909	0.36055	0.52608
chr9	33638407	33638480	5.0968e-05	0.344788	5	2.8433e-13	3.3301e-09	0.54338	0.19859
chr9	33748962	33749452	2.3461e-41	0.336335	24	3.4084e-14	1.5329e-45	0.63803	0.3017
chr9	33750349	33750523	5.0036e-05	-0.177763	11	4.6518e-14	3.2692e-09	0.24458	0.42235
chr9	33795951	33796090	1	-0.156923	5	2.9259e-06	8.9893e-05	0.2527	0.40962
chr9	33850100	33850230	2.5305e-08	-0.275719	6	4.0301e-14	1.6534e-12	0.407	0.68272
chr9	34098435	34098511	0.0017911	0.168979	5	1.0286e-09	1.1703e-07	0.86877	0.6998
chr9	34123758	34123887	0.014138	0.214968	7	1.4525e-10	9.2375e-07	0.46548	0.25052
chr9	34374991	34375101	0.32099	-0.251409	5	8.0439e-10	2.0973e-05	0.27623	0.52764
chr9	34457380	34457519	2.8122e-13	-0.193270	17	4.2633e-14	1.8375e-17	0.2433	0.43657
chr9	34481593	34481725	0.00061235	0.207082	12	4.4187e-14	4.001e-08	0.73108	0.524
chr9	34662284	34662371	1	0.124219	5	4.5842e-06	0.00090393	0.90497	0.78075
chr9	34729358	34729539	1	0.132044	5	7.0288e-08	6.75e-05	0.85913	0.72708
chr9	34809662	34809699	1	0.150091	5	7.8362e-08	0.00012665	0.27623	0.12614
chr9	35406592	35406804	0.0024176	0.143823	16	1.7371e-11	1.5796e-07	0.46624	0.32242
chr9	35537234	35537376	1.4207e-05	0.159105	9	4.1966e-14	9.2823e-10	0.89166	0.73255
chr9	35618367	35618541	5.2042e-07	0.311263	7	4.4742e-14	3.4003e-11	0.74748	0.43622
chr9	35676214	35676253	1	0.156478	5	0.0032445	0.0031554	0.47286	0.31638
chr9	35814225	35814286	1	-0.195264	5	6.0646e-07	0.00029202	0.25821	0.45348
chr9	35869884	35869978	1	0.116161	5	0.0022421	0.0017178	0.82578	0.70961
chr9	35972107	35972397	2.3805e-35	0.271357	31	4.563e-14	1.5553e-39	0.43882	0.16746
chr9	36135808	36135848	1	0.126813	5	0.0011866	0.0038215	0.60249	0.47568
chr9	36169844	36169972	0.010512	0.152041	13	2.2661e-12	6.8686e-07	0.81181	0.65977
chr9	36249252	36249370	1.4225e-09	0.158763	12	4.674e-14	9.2941e-14	0.77324	0.61448
chr9	36276882	36276955	8.1995e-09	-0.241406	5	4.9183e-14	5.3574e-13	0.13917	0.38057
chr9	36458498	36458767	9.6172e-46	0.427517	16	3.8192e-14	6.2837e-50	0.59406	0.16655
chr9	36739704	36739774	0.00022526	0.160389	14	4.6629e-14	1.4718e-08	0.25287	0.092481
chr9	36739774	36740109	1	0.100781	10	3.6955e-05	7.7125e-05	0.19528	0.094499
chr9	36989056	36989131	1	0.144261	5	0.00026909	0.0021862	0.45864	0.31438
chr9	37001056	37001115	0.050271	0.134422	5	2.6646e-07	3.2846e-06	0.83787	0.70345
chr9	37005907	37005992	6.2193e-05	0.188335	7	1.0113e-12	4.0636e-09	0.60369	0.41535
chr9	37033372	37033760	1	0.133075	7	2.1529e-05	0.00092243	0.47533	0.34225
chr9	37036145	37036240	1	0.114508	5	0.00030149	0.010492	0.21249	0.097984
chr9	37120054	37120076	0.0010507	0.120043	7	1.1227e-09	6.8653e-08	0.18117	0.061125
chr9	37141014	37141182	0.023794	0.108472	5	3.0688e-06	1.5546e-06	0.89542	0.78695
chr9	37442157	37442193	1	-0.153194	5	0.00027425	0.0013742	0.61148	0.76467
chr9	37529046	37529235	0.052413	0.166077	8	2.3799e-10	3.4246e-06	0.79931	0.63323
chr9	37574340	37574464	9.1487e-10	-0.274363	7	4.3188e-14	5.9776e-14	0.19635	0.47071
chr9	37788663	37788763	1	0.131960	5	2.8936e-05	0.002523	0.89293	0.76097
chr9	37902985	37903139	1	-0.107537	5	0.002997	0.019383	0.084451	0.19199
chr9	37964242	37964325	1.3206e-07	-0.232700	11	4.3965e-14	8.6288e-12	0.42876	0.66146
chr9	37985524	37985699	1	0.137907	7	3.2156e-06	0.00047221	0.87639	0.73849
chr9	38074957	38075129	0.84679	-0.207987	5	2.7123e-05	5.5328e-05	0.40047	0.60846
chr9	38076676	38076925	7.2926e-10	0.193674	16	4.3521e-14	4.7648e-14	0.84347	0.6498
chr9	38091324	38091478	1	0.212236	5	7.2227e-08	6.6809e-05	0.74806	0.53582
chr9	38319052	38319295	0.0039139	-0.111772	13	3.1488e-12	2.5573e-07	0.1152	0.22698
chr9	38437315	38437415	0.0044995	-0.237510	5	1.2739e-09	2.9399e-07	0.28794	0.52545
chr9	38487122	38487228	0.58982	0.163309	9	8.6133e-08	3.8538e-05	0.75118	0.58787
chr9	38488126	38488167	1	0.110187	5	0.016822	0.096546	0.6287	0.51851
chr9	38526936	38527004	0.71491	0.107278	6	5.9044e-06	4.6711e-05	0.82559	0.71831
chr9	38527538	38527671	1	0.100117	7	4.5644e-05	0.0015515	0.85008	0.74997
chr9	38672298	38672357	4.1476e-05	-0.134505	9	2.2404e-13	2.71e-09	0.15123	0.28573
chr9	39042415	39042476	0.00040433	0.163035	8	4.4366e-11	2.6418e-08	0.88604	0.72301
chr9	40768217	40768408	2.9692e-05	0.184830	14	4.7518e-14	1.94e-09	0.76718	0.58235
chr9	40992503	40992554	0.035194	0.163967	7	4.2278e-09	2.2995e-06	0.32801	0.16405
chr9	41124918	41124982	0.00044879	0.129610	10	1.4802e-11	2.9323e-08	0.43167	0.30206
chr9	41266205	41266291	1	-0.111385	5	7.9874e-06	0.00016404	0.46432	0.57571
chr9	41272915	41273079	1.3739e-09	0.105855	25	4.7184e-14	8.9768e-14	0.27284	0.16698
chr9	41663611	41663762	1.4372e-12	0.272447	15	4.5186e-14	9.3907e-17	0.53296	0.26052
chr9	41953175	41953473	9.8298e-08	0.216046	17	4.3188e-14	6.4226e-12	0.59135	0.3753
chr9	41954219	41954400	1	0.116716	7	4.0279e-07	0.0012388	0.88368	0.76696
chr9	42743861	42743879	1	0.179323	5	3.6373e-07	0.00036183	0.58997	0.41064
chr9	42975000	42975060	2.3519e-10	0.247060	9	4.3743e-14	1.5367e-14	0.43027	0.18321
chr9	60546637	60546742	1	0.114595	5	9.1578e-06	0.00039751	0.91422	0.79962
chr9	61669443	61669580	1	0.152202	8	5.3062e-07	0.00014569	0.83963	0.68742
chr9	62798913	62799455	5.869e-19	0.145294	34	4.7518e-14	3.8347e-23	0.30682	0.16153
chr9	62799771	62800052	1.929e-16	0.137471	25	4.6629e-14	1.2604e-20	0.26894	0.13147
chr9	62800170	62800188	0.00098441	0.131561	9	1.7608e-13	6.432e-08	0.25957	0.12801
chr9	62800190	62800234	7.2547e-13	0.191708	13	4.2411e-14	4.7401e-17	0.30937	0.11766
chr9	62800410	62800447	0.27501	0.210300	5	1.3154e-08	1.7969e-05	0.37737	0.16707
chr9	62800773	62800802	1	0.159923	5	2.0406e-06	7.3327e-05	0.48951	0.32959
chr9	62802553	62802630	2.0454e-06	0.197309	10	4.1855e-14	1.3364e-10	0.30475	0.10744
chr9	62830997	62831043	0.78704	0.154506	10	3.9747e-09	5.1423e-05	0.37726	0.22276
chr9	62831169	62831223	1	0.117227	7	6.0837e-06	0.00067442	0.322	0.20477
chr9	62915276	62915372	1	0.140097	9	5.3569e-08	0.00044361	0.5034	0.3633
chr9	63781399	63781564	0.00050137	0.173892	16	4.5186e-14	3.2758e-08	0.67723	0.50333
chr9	63781569	63781886	0.00014481	0.125361	29	1.2668e-13	9.4619e-09	0.64955	0.52419
chr9	63784599	63784717	0.14204	0.184033	7	3.4104e-09	9.2804e-06	0.64367	0.45964
chr9	63815257	63815831	0.00015767	0.173370	15	4.5075e-13	1.0302e-08	0.58782	0.41444
chr9	63816683	63816764	0.46561	0.157069	5	2.1053e-07	3.0422e-05	0.39322	0.23616
chr9	63816826	63816936	3.6491e-07	0.164350	14	4.5075e-14	2.3843e-11	0.35655	0.1922
chr9	63817979	63818451	8.2441e-18	0.119529	33	3.908e-14	5.3866e-22	0.32583	0.2063
chr9	63860034	63860107	0.0063714	0.148527	10	4.4597e-09	4.1629e-07	0.76498	0.61645
chr9	64017081	64017182	0.0027669	0.167847	11	5.5418e-10	1.8078e-07	0.5661	0.39825
chr9	64072039	64072223	1	0.116446	12	5.403e-07	7.5648e-05	0.83092	0.71448
chr9	65435793	65435829	1	0.135007	5	0.00029585	0.00051766	0.82505	0.69004
chr9	66267822	66267966	7.5276e-05	-0.207744	8	4.1711e-12	4.9184e-09	0.25079	0.45853
chr9	68307236	68307312	1	0.127108	10	2.8776e-05	0.00092364	0.43693	0.30982
chr9	68530722	68530920	3.4502e-12	-0.193027	13	3.908e-14	2.2543e-16	0.24043	0.43346
chr9	68537187	68537286	0.89482	0.157622	5	3.4542e-07	5.8466e-05	0.84516	0.68754
chr9	68541053	68541142	2.6705e-12	-0.274450	6	4.1855e-14	1.7449e-16	0.19601	0.47046
chr9	68719508	68719685	1	-0.161110	5	0.00032509	0.0029303	0.25018	0.41129
chr9	68974552	68974792	1.14e-12	0.273097	10	4.0412e-14	7.4487e-17	0.72438	0.45128
chr9	69122773	69122903	1	-0.110150	10	0.00017592	0.0063233	0.25681	0.36696
chr9	69173811	69173848	1.5769e-07	0.235957	7	4.4631e-14	1.0303e-11	0.35152	0.11556
chr9	69174569	69174828	3.8509e-46	0.336632	24	3.4972e-14	2.5161e-50	0.49122	0.15459
chr9	69463913	69464016	1	0.180455	5	2.4747e-06	7.4408e-05	0.73186	0.55141
chr9	69466200	69466373	1	0.109689	11	1.1501e-07	0.00035925	0.87841	0.76872
chr9	70043481	70043536	1	0.148167	5	0.00011173	0.011001	0.51805	0.36989
chr9	70050210	70050338	1	0.104959	7	5.3135e-05	0.0046042	0.83531	0.73035
chr9	70257474	70257541	1	-0.148906	5	4.1367e-07	0.00012013	0.52638	0.67529
chr9	70284298	70284443	0.55439	0.127047	6	0.00013643	3.6223e-05	0.7639	0.63686
chr9	70411612	70411876	1	-0.117010	6	0.00055395	0.0027114	0.10943	0.22644
chr9	70480722	70480848	1.0576e-20	-0.178961	20	3.8414e-14	6.9104e-25	0.13173	0.31069
chr9	70488824	70488887	0.0038588	-0.207476	6	2.4689e-11	2.5213e-07	0.15096	0.35844
chr9	70537295	70537333	0.045817	0.128457	7	1.0047e-09	2.9936e-06	0.95933	0.83087
chr9	70789719	70789880	1	0.103354	6	3.9932e-06	0.00021982	0.7987	0.69534
chr9	70809703	70810093	1	0.112707	5	0.0017219	0.0088105	0.78143	0.66872
chr9	70917433	70917549	0.067334	0.100832	6	8.1301e-08	4.3995e-06	0.95531	0.85447
chr9	71121594	71121637	7.906e-05	0.224276	7	1.5954e-13	5.1657e-09	0.47009	0.24581
chr9	71356026	71356187	1	-0.128547	5	0.0016105	0.0076116	0.41172	0.54027
chr9	71683919	71684018	0.31002	0.157114	7	1.7197e-07	2.0256e-05	0.70774	0.55062
chr9	71964539	71964580	0.074902	0.137695	5	5.6202e-07	4.894e-06	0.95568	0.81798
chr9	72464917	72465151	2.2344e-15	0.329282	9	4.2855e-14	1.4599e-19	0.75236	0.42308
chr9	72479364	72479627	1.2986e-08	0.129700	21	4.7518e-14	8.4845e-13	0.83193	0.70223
chr9	72540552	72540630	1	0.111839	7	0.0083017	0.074439	0.71444	0.6026
chr9	73153833	73154100	1	0.133153	5	6.0615e-05	0.0013736	0.58511	0.45196
chr9	73158724	73158773	0.00024923	0.118120	7	1.6698e-11	1.6284e-08	0.94728	0.82916
chr9	74447097	74447274	1	0.105951	5	0.0069572	0.033343	0.80004	0.69409
chr9	74501096	74501168	1	0.123475	7	9.4857e-07	8.6834e-05	0.2478	0.12432
chr9	74501168	74501192	0.0082541	0.210229	5	4.5685e-11	5.3931e-07	0.54398	0.33375
chr9	74724519	74724650	1	-0.121068	5	0.0019663	0.028823	0.43077	0.55183
chr9	74886541	74886715	1	-0.141767	5	5.4632e-05	0.0023381	0.39254	0.53431
chr9	75086344	75086434	1	-0.113822	5	0.0025122	0.05706	0.60701	0.72084
chr9	75932421	75932501	7.0372e-07	0.276706	5	2.2035e-11	4.598e-11	0.81665	0.53994
chr9	76125361	76125476	1	0.102286	5	0.0010157	0.001412	0.79826	0.69598
chr9	76144116	76144274	0.64081	0.141588	5	2.5291e-07	4.187e-05	0.89073	0.74914
chr9	76246977	76247153	8.5115e-05	0.164509	10	1.1957e-13	5.5613e-09	0.86196	0.69745
chr9	76297434	76297613	0.00019101	0.200768	12	6.7168e-14	1.248e-08	0.73003	0.52926
chr9	76362907	76362954	1	0.130591	5	0.00031308	0.0021758	0.81254	0.68195
chr9	76523037	76523212	6.5959e-08	0.229129	10	4.1189e-14	4.3097e-12	0.86081	0.63168
chr9	76705100	76705231	1	0.147213	7	0.0037693	0.00026409	0.36141	0.2142
chr9	76713540	76713771	0.004647	0.114818	9	1.0193e-10	3.0363e-07	0.72023	0.60541
chr9	76873662	76873867	1	0.126704	8	1.2668e-08	8.468e-05	0.79118	0.66448
chr9	77010335	77010435	0.00017451	-0.230680	5	8.8776e-12	1.1402e-08	0.28346	0.51414
chr9	77023908	77023997	0.8776	0.226947	5	1.1728e-08	5.7341e-05	0.48687	0.25992
chr9	77489454	77489904	1.6267e-45	0.346537	24	5.4512e-14	1.0629e-49	0.61719	0.27066
chr9	77909358	77909610	1.5106e-16	0.362515	7	3.9968e-14	9.8697e-21	0.68603	0.32351
chr9	78741123	78741245	1	0.125655	5	8.4205e-05	0.0034824	0.80498	0.67933
chr9	79256800	79256955	2.5962e-06	-0.119420	12	4.3854e-14	1.6963e-10	0.093084	0.2125
chr9	79478622	79478716	0.00011321	0.239735	6	7.7049e-14	7.3971e-09	0.59701	0.35728
chr9	81389762	81389871	1	0.120035	5	5.4632e-05	0.00030818	0.69664	0.5766
chr9	81508404	81508773	1.8293e-17	0.261424	16	3.6748e-14	1.1952e-21	0.70912	0.4477
chr9	81589526	81589556	1	-0.118417	5	3.5089e-05	0.0014509	0.71433	0.83275
chr9	81598051	81598138	0.09548	0.128938	5	1.252e-06	6.2385e-06	0.82147	0.69253
chr9	81602284	81602319	1	0.162573	5	2.7349e-07	0.00012386	0.81713	0.65456
chr9	81665622	81665732	0.036969	0.191522	5	5.8468e-09	2.4155e-06	0.67407	0.48255
chr9	81989330	81989469	1	0.148979	6	4.5625e-07	0.0005393	0.86043	0.71145
chr9	82054518	82054831	0.092994	0.148524	10	2.7898e-08	6.076e-06	0.96652	0.81799
chr9	82130962	82131297	0.65964	0.109113	10	4.9332e-07	4.31e-05	0.91257	0.80346
chr9	83061431	83061526	6.3326e-06	-0.242466	5	1.3933e-13	4.1376e-10	0.28608	0.52855
chr9	83093537	83093629	0.003488	0.133743	9	1.6538e-11	2.279e-07	0.91686	0.78312
chr9	83537307	83537456	1	0.124035	5	8.4205e-05	0.0018214	0.28849	0.16446
chr9	83629954	83630055	0.036454	-0.169054	7	1.877e-09	2.3818e-06	0.59571	0.76476
chr9	83713127	83713334	0.0020454	0.201509	7	2.6775e-12	1.3364e-07	0.90107	0.69956
chr9	84136816	84136901	0.22345	-0.181480	5	5.4957e-08	1.46e-05	0.3051	0.48658
chr9	84170926	84171046	0.42763	-0.170740	5	5.7868e-06	2.7941e-05	0.28082	0.45156
chr9	84271609	84271837	1.475e-23	0.123528	30	3.8858e-14	9.6374e-28	0.1856	0.062069
chr9	84308927	84309011	0.98155	0.101573	5	2.6592e-06	6.4133e-05	0.92645	0.82487
chr9	84409649	84409750	1	0.120152	5	0.0010157	0.00061893	0.91893	0.79878
chr9	84670831	84670886	1	0.162839	7	2.8561e-07	0.00036794	0.42998	0.26714
chr9	84694463	84694544	0.021277	0.218339	6	9.2965e-11	1.3902e-06	0.71855	0.50021
chr9	85041017	85041074	0.043665	0.229445	7	3.5128e-10	2.853e-06	0.64604	0.4166
chr9	85290217	85290457	8.7405e-39	0.348871	16	4.7407e-14	5.7108e-43	0.56044	0.21157
chr9	85522947	85523007	1.8009e-07	0.124583	15	4.5741e-14	1.1767e-11	0.1688	0.044215
chr9	85743802	85743858	0.013464	-0.244349	6	7.9216e-10	8.7972e-07	0.30061	0.54496
chr9	86035028	86035165	0.11608	-0.183993	5	2.2778e-07	7.5843e-06	0.20353	0.38752
chr9	86036560	86036674	1.7643e-06	-0.291604	6	4.3077e-14	1.1527e-10	0.36556	0.65716
chr9	86337925	86338047	8.2148e-16	0.329314	8	4.2855e-14	5.3674e-20	0.76066	0.43135
chr9	86902893	86902948	5.7152e-05	0.156744	7	1.2512e-13	3.7342e-09	0.23532	0.078576
chr9	86940711	86940875	1	0.176070	6	1.1762e-07	9.1736e-05	0.45423	0.27816
chr9	87034473	87034524	0.014404	0.142483	5	6.5722e-09	9.4116e-07	0.8334	0.69092
chr9	87265745	87265796	1	0.120830	5	8.7506e-06	0.00058007	0.82657	0.70574
chr9	87498901	87499299	6.6403e-07	0.131613	29	4.2411e-14	4.3386e-11	0.32242	0.19081
chr9	87525207	87525282	1	0.121471	6	4.388e-07	6.9814e-05	0.91321	0.79174
chr9	87727703	87727840	1	0.101076	5	3.5384e-06	0.00027946	0.93972	0.83865
chr9	87771414	87771468	1	0.200213	5	1.6002e-06	0.00045585	0.67521	0.475
chr9	87772708	87772818	0.060918	0.113860	6	7.3826e-10	3.9802e-06	0.87436	0.7605
chr9	87773191	87773302	1	0.118294	6	0.00040181	0.017324	0.79117	0.67288
chr9	87792972	87793063	0.0063797	0.200569	6	2.1343e-10	4.1683e-07	0.49069	0.29012
chr9	87909850	87910192	0.0002619	-0.225790	12	8.1268e-14	1.7112e-08	0.30795	0.53374
chr9	87944473	87944675	1	0.116818	13	3.2305e-05	0.0011758	0.82408	0.70726
chr9	88007185	88007395	2.1253e-06	0.293379	7	4.341e-14	1.3886e-10	0.65116	0.35778
chr9	88113963	88114077	0.44439	0.101059	7	3.7105e-06	2.9036e-05	0.87016	0.7691
chr9	88281161	88281310	9.9005e-06	0.204315	9	4.3521e-14	6.4688e-10	0.6986	0.49429
chr9	88391748	88391884	0.00017355	0.207182	8	4.674e-14	1.134e-08	0.73455	0.52737
chr9	88476573	88476642	0.011957	0.198817	6	1.026e-10	7.8123e-07	0.78552	0.5867
chr9	88533749	88533911	1	-0.106298	5	0.014313	0.038641	0.33136	0.43766
chr9	88535612	88535630	1	0.106051	5	0.00010951	0.00029036	0.13911	0.03306
chr9	88706355	88706502	1	-0.111083	7	4.1218e-05	0.0044285	0.44708	0.55816
chr9	88944144	88944267	1	0.110678	5	2.5975e-05	0.00076225	0.86588	0.7552
chr9	88990933	88990979	0.50763	0.182649	11	3.4279e-10	3.3167e-05	0.40932	0.22667
chr9	89309808	89309972	0.56346	-0.131335	9	2.6722e-09	3.6815e-05	0.25251	0.38384
chr9	89479570	89479681	0.0043564	0.245290	5	2.9641e-10	2.8464e-07	0.80887	0.56358
chr9	89481011	89481201	1	0.136067	5	0.00010734	0.00076442	0.86537	0.72931
chr9	89638526	89638722	1	0.133123	7	3.1868e-05	0.0006412	0.72378	0.59065
chr9	89676294	89676670	1.9497e-26	-0.234099	30	4.7851e-14	1.2739e-30	0.30103	0.53512
chr9	89961777	89961850	1	0.185445	5	0.00107	0.0069176	0.59497	0.40953
chr9	90044571	90044829	0.57562	-0.186021	5	6.6559e-08	3.761e-05	0.25182	0.43784
chr9	90220133	90220194	1	-0.132996	5	0.0012926	0.015251	0.48545	0.61844
chr9	90223537	90223678	1	-0.113482	10	0.00015418	0.0010688	0.69189	0.80537
chr9	90227308	90227536	1.3046e-06	-0.234063	9	3.1153e-13	8.5237e-11	0.32265	0.55671
chr9	90755333	90755619	5.0907e-09	-0.236958	12	4.4742e-14	3.3262e-13	0.3888	0.62576
chr9	90826557	90826646	8.1436e-05	0.220197	5	2.2783e-11	5.3209e-09	0.80267	0.58248
chr9	90857127	90857241	0.12497	0.168571	5	8.0576e-09	8.1656e-06	0.8262	0.65763
chr9	91036972	91036990	1	0.149750	5	0.0001391	0.036771	0.61796	0.46821
chr9	91117443	91117514	0.0092892	-0.137712	7	2.9939e-07	6.0694e-07	0.64389	0.7816
chr9	91157052	91157179	1	-0.121140	7	5.116e-05	0.000346	0.59023	0.71137
chr9	91163021	91163260	1.7456e-35	0.329059	22	5.0848e-14	1.1405e-39	0.6207	0.29164
chr9	91164268	91164343	0.077376	0.170832	6	5.5216e-11	5.0556e-06	0.80061	0.62978
chr9	91425350	91425537	1.0496e-17	0.288532	15	4.7184e-14	6.8581e-22	0.71715	0.42862
chr9	91578458	91578581	0.10581	0.121084	5	1.3928e-08	6.9134e-06	0.8922	0.77111
chr9	91589286	91589385	0.82645	-0.132917	5	1.4539e-07	5.3999e-05	0.1011	0.23402
chr9	91681409	91681434	1	0.142631	5	7.9874e-06	7.9857e-05	0.80701	0.66438
chr9	91720793	91720834	0.00010396	0.326213	6	4.7184e-14	6.7926e-09	0.5678	0.24158
chr9	91770837	91770903	0.00060845	-0.116845	8	2.628e-08	3.9755e-08	0.54488	0.66172
chr9	91817618	91817668	1	-0.176131	5	1.1742e-05	0.0019294	0.3119	0.48803
chr9	91844327	91844432	1.8244e-13	0.401530	10	4.8184e-14	1.1921e-17	0.71926	0.31773
chr9	91886372	91886451	4.7674e-07	0.248214	9	4.3299e-14	3.1149e-11	0.80743	0.55922
chr9	91948206	91948304	0.10725	-0.197618	7	3.1172e-09	7.0074e-06	0.41493	0.61255
chr9	91948304	91948334	1	-0.144241	7	1.7412e-05	0.00074791	0.30948	0.45372
chr9	92713426	92713540	1	0.101454	10	0.00098893	0.032267	0.73096	0.62951
chr9	92715941	92716025	0.17187	-0.280790	5	1.113e-07	1.123e-05	0.45387	0.73466
chr9	93004264	93004383	9.8503e-06	-0.257244	7	5.0293e-14	6.436e-10	0.21645	0.4737
chr9	93193250	93193287	1	-0.169321	6	2.5403e-06	0.0015525	0.4212	0.59052
chr9	93224093	93224178	0.62757	-0.123042	8	1.8281e-08	4.1004e-05	0.35775	0.48079
chr9	93230774	93230941	7.2088e-13	-0.253571	17	4.2522e-14	4.7101e-17	0.4149	0.66847
chr9	93245192	93245326	0.073196	0.132217	10	1.883e-10	4.7825e-06	0.78288	0.65066
chr9	93307562	93307631	1	0.108393	7	7.1905e-06	0.0025182	0.8962	0.7878
chr9	93317831	93318137	1.7164e-18	0.338436	13	4.7851e-14	1.1214e-22	0.75188	0.41344
chr9	93335039	93335338	0.49716	0.118500	5	7.237e-07	3.2483e-05	0.91579	0.79729
chr9	93828298	93828339	1	0.160665	5	1.0529e-06	0.00010888	0.68681	0.52615
chr9	93943957	93944276	6.0738e-05	0.171111	10	4.4853e-14	3.9685e-09	0.88191	0.7108
chr9	93953847	93954424	0.00094251	0.124244	23	9.3592e-14	6.1582e-08	0.34645	0.2222
chr9	94332562	94332951	2.6687e-39	0.286055	37	5.1292e-14	1.7437e-43	0.60029	0.31423
chr9	94554845	94554898	1.2458e-10	-0.263212	9	4.1522e-14	8.1396e-15	0.30874	0.57195
chr9	94584659	94584818	1.0807e-06	0.224152	5	1.1768e-13	7.0611e-11	0.79742	0.57327
chr9	94591312	94591459	0.001066	0.144242	17	1.8207e-12	6.9652e-08	0.76971	0.62547
chr9	94607466	94607543	0.00022446	-0.149597	12	9.6345e-13	1.4666e-08	0.58477	0.73437
chr9	94640217	94640376	0.093438	-0.141124	10	6.8879e-11	6.1051e-06	0.28622	0.42734
chr9	94655910	94656125	8.0395e-14	0.261217	15	4.2299e-14	5.2529e-18	0.71803	0.45682
chr9	94996071	94996150	2.0847e-05	-0.226161	8	5.2736e-14	1.3621e-09	0.36032	0.58648
chr9	95006369	95006494	2.1582e-05	-0.260666	5	4.9294e-14	1.4101e-09	0.25864	0.5193
chr9	95024596	95024629	1	-0.125958	5	5.4632e-05	0.0031477	0.57488	0.70084
chr9	95041634	95041790	5.3231e-19	-0.310255	15	4.7518e-14	3.478e-23	0.31478	0.62504
chr9	95045376	95045480	1	-0.102459	9	0.00063722	0.0019512	0.60805	0.71051
chr9	95091739	95091821	1	0.115658	6	7.859e-05	0.00024775	0.5343	0.41865
chr9	95270172	95270393	7.4627e-12	-0.204685	17	4.3965e-14	4.876e-16	0.4372	0.64189
chr9	95517463	95517498	1	-0.114051	5	0.00046272	0.0012093	0.12444	0.23849
chr9	95517540	95517768	1	-0.101114	5	0.019967	0.1786	0.32016	0.42128
chr9	95552958	95553135	5.4961e-21	0.349303	13	4.1744e-14	3.591e-25	0.80526	0.45595
chr9	95626800	95626848	0.056341	0.213142	5	1.9047e-08	3.6812e-06	0.8373	0.62416
chr9	95719151	95719320	1.0445e-07	-0.319717	7	4.0523e-14	6.8249e-12	0.37047	0.69018
chr9	95733227	95733293	1	-0.176051	5	1.2215e-06	0.00027636	0.45294	0.62899
chr9	95750738	95751092	0.00045698	0.145677	9	2.6856e-10	2.9858e-08	0.83329	0.68761
chr9	96020636	96020726	1	0.117335	8	7.9987e-06	0.0006339	0.45826	0.34093
chr9	96022618	96022864	9.6276e-23	0.259777	18	4.2188e-14	6.2905e-27	0.40103	0.14125
chr9	96027897	96028022	2.8136e-13	0.265954	19	4.7073e-14	1.8384e-17	0.71152	0.44557
chr9	96087371	96087440	0.00012971	-0.183226	12	7.383e-14	8.4752e-09	0.36089	0.54412
chr9	96169518	96169567	1	-0.181910	6	1.4066e-06	0.0010502	0.28873	0.47064
chr9	96217631	96217737	6.4296e-05	-0.236535	5	1.7833e-10	4.201e-09	0.1811	0.41764
chr9	96219507	96219704	8.2749e-10	0.219503	14	4.4742e-14	5.4067e-14	0.45665	0.23715
chr9	96302094	96302213	0.054463	0.106521	8	3.557e-09	3.5585e-06	0.77749	0.67097
chr9	96303032	96303148	1	0.115349	7	0.0036989	0.010149	0.84742	0.73208
chr9	96382797	96382914	0.32315	-0.218858	5	8.8446e-07	2.1114e-05	0.46102	0.67988
chr9	96382983	96383190	5.7564e-11	-0.178874	12	4.4409e-14	3.7611e-15	0.15768	0.33656
chr9	96384079	96384167	1	-0.144389	5	5.2399e-05	0.0036693	0.29093	0.43532
chr9	96555892	96556029	1.3633e-13	0.286592	9	4.2299e-14	8.9078e-18	0.78622	0.49963
chr9	96617859	96618286	1	-0.121523	8	5.8281e-05	0.00098193	0.5766	0.69813
chr9	96620181	96620314	1	-0.147204	5	9.5109e-05	0.0021248	0.31203	0.45923
chr9	96719359	96719505	7.764e-05	0.191508	9	1.4322e-13	5.0729e-09	0.45345	0.26194
chr9	96777470	96777548	1	-0.116408	5	0.00029585	0.003507	0.19858	0.31499
chr9	96855037	96855225	2.9331e-07	0.211430	15	4.6296e-14	1.9165e-11	0.42663	0.2152
chr9	97076436	97076487	1	0.125550	8	1.3085e-05	0.0022006	0.29066	0.16511
chr9	97222670	97222677	1	-0.131039	5	1.5013e-05	0.00013169	0.16342	0.29446
chr9	97307679	97307930	1.4428e-10	-0.127878	31	4.4742e-14	9.4268e-15	0.30413	0.432
chr9	97500278	97500312	1	0.123259	5	0.00020178	0.021517	0.53704	0.41378
chr9	97575159	97575449	1.1197e-18	0.273871	15	3.908e-14	7.3161e-23	0.69434	0.42047
chr9	97699567	97699742	2.1834e-27	0.273615	24	4.3299e-14	1.4266e-31	0.61356	0.33994
chr9	97849205	97849271	0.074021	0.114931	5	4.6594e-08	4.8364e-06	0.19661	0.081677
chr9	97851364	97851481	0.028664	0.153369	12	3.1819e-10	1.8729e-06	0.39669	0.24332
chr9	97855759	97855856	0.063055	0.178574	7	2.056e-09	4.1199e-06	0.43429	0.25572
chr9	97985412	97985601	2.3715e-22	0.256010	26	5.0959e-14	1.5495e-26	0.42913	0.17312
chr9	97986237	97986264	1	0.105063	6	7.9822e-05	0.0012453	0.70352	0.59845
chr9	98190266	98190599	0.00010531	-0.204201	9	4.6296e-14	6.8805e-09	0.38906	0.59326
chr9	98249351	98249437	1	0.194262	5	4.2728e-06	0.00034004	0.77967	0.58541
chr9	98374536	98374688	0.00019411	-0.231867	9	5.9508e-14	1.2683e-08	0.25468	0.48655
chr9	98831852	98831946	2.1702e-05	0.161585	10	4.6407e-14	1.418e-09	0.94374	0.78215
chr9	98992390	98992639	2.4339e-07	0.113981	23	4.0412e-14	1.5903e-11	0.92011	0.80613
chr9	99058429	99058714	0.00050602	0.231133	5	2.8071e-07	3.3062e-08	0.78633	0.5552
chr9	99150559	99150669	0.0077504	0.197777	5	8.2298e-11	5.064e-07	0.69584	0.49807
chr9	99306316	99306360	0.194	0.115568	5	2.0507e-07	1.2675e-05	0.90409	0.78852
chr9	100599236	100599351	1	-0.162536	6	9.61e-05	0.010566	0.2376	0.40014
chr9	101026677	101026905	1	-0.191825	5	1.113e-07	0.00021028	0.39333	0.58516
chr9	101027730	101027916	1	-0.138215	5	5.7868e-06	0.00056969	0.17922	0.31743
chr9	101269763	101269972	0.64369	0.165594	7	5.5912e-08	4.2057e-05	0.84371	0.67811
chr9	101274436	101274528	1	0.113106	5	2.2311e-05	0.00016319	0.82645	0.71334
chr9	101476235	101476349	1	0.101168	5	2.3024e-06	0.000307	0.90535	0.80418
chr9	102436472	102436792	0.000818	0.145483	19	1.3671e-12	5.3447e-08	0.7586	0.61312
chr9	102485895	102486466	0.011213	0.102299	22	3.1867e-11	7.3267e-07	0.83879	0.73649
chr9	102486970	102487101	1	0.103770	8	9.1846e-07	0.0001065	0.93366	0.82989
chr9	103187768	103187885	1	0.160647	5	0.00015353	0.00045711	0.70009	0.53944
chr9	103483581	103484039	5.0375e-08	0.159286	16	4.4742e-14	3.2914e-12	0.88823	0.72895
chr9	103484627	103484760	1	0.113337	5	0.0017219	0.0035401	0.77383	0.66049
chr9	104200456	104201016	1.6204e-09	0.103472	36	4.2077e-14	1.0588e-13	0.88894	0.78547
chr9	104201870	104201945	0.39114	0.134034	7	2.144e-06	2.5556e-05	0.80715	0.67312
chr9	104259122	104259293	1.2915e-14	0.252527	14	3.9524e-14	8.4384e-19	0.46296	0.21044
chr9	104810760	104810967	7.6761e-09	-0.261063	6	4.9738e-14	5.0155e-13	0.27412	0.53519
chr9	104928448	104928482	1	0.122344	7	0.00056698	0.0071194	0.35179	0.22945
chr9	105522794	105522898	1	0.107172	6	0.0025813	0.035685	0.66697	0.55979
chr9	105662372	105662694	4.4591e-07	0.231006	9	5.0848e-14	2.9135e-11	0.77766	0.54666
chr9	106500595	106500705	0.29578	0.108992	7	3.5562e-07	1.9326e-05	0.90863	0.79963
chr9	106614735	106614830	1	0.132341	5	5.1315e-05	0.00019616	0.86301	0.73067
chr9	107466320	107466455	0.18843	0.167495	10	6.343e-10	1.2312e-05	0.3778	0.21031
chr9	107637646	107637663	1	0.165503	5	2.4747e-06	0.00099768	0.48796	0.32246
chr9	107716341	107716452	0.30355	0.104659	5	1.6603e-07	1.9833e-05	0.9247	0.82004
chr9	107817843	107817872	0.85379	0.125096	5	4.6208e-05	5.5785e-05	0.94843	0.82334
chr9	108393727	108393778	1	0.115067	5	1.0731e-05	0.0001387	0.91374	0.79868
chr9	108530252	108530342	1.1926e-05	0.136277	11	1.2484e-12	7.792e-10	0.93055	0.79428
chr9	108626892	108626950	1	0.107883	5	0.0019024	0.0031447	0.92265	0.81476
chr9	109120502	109120641	1	-0.148459	5	2.0001e-05	0.0020876	0.2332	0.38166
chr9	109251096	109251178	4.9559e-07	-0.298612	6	7.0055e-14	3.2381e-11	0.27551	0.57412
chr9	109255659	109255714	1.8842e-10	0.308657	8	4.2188e-14	1.2311e-14	0.7861	0.47744
chr9	109316281	109316401	1	-0.161408	8	9.3659e-06	0.0090413	0.30755	0.46895
chr9	109317929	109318044	0.0034853	-0.182000	8	1.2047e-11	2.2772e-07	0.2884	0.4704
chr9	109463539	109463663	1	0.160705	6	4.6522e-07	0.00013537	0.8171	0.65639
chr9	109496138	109496235	0.012158	-0.202996	5	7.6027e-09	7.9435e-07	0.41028	0.61328
chr9	109535146	109535292	0.7314	0.113563	10	5.0825e-08	4.7788e-05	0.81288	0.69932
chr9	109968733	109968749	0.12289	0.153399	6	2.6968e-09	8.0292e-06	0.79889	0.64549
chr9	110090138	110090324	2.41e-15	-0.254490	16	3.908e-14	1.5746e-19	0.31262	0.56711
chr9	110125530	110125624	1.9032e-16	-0.378643	9	4.1966e-14	1.2435e-20	0.1983	0.57694
chr9	110151738	110151958	6.5341e-14	-0.273320	12	4.4187e-14	4.2693e-18	0.26488	0.5382
chr9	110208123	110208311	2.6399e-13	-0.197250	18	4.0967e-14	1.7248e-17	0.37749	0.57474
chr9	110873798	110873897	0.25144	0.109821	6	3.9995e-08	1.6429e-05	0.90437	0.79455
chr9	111613534	111613751	0.46182	-0.188951	6	2.9535e-09	3.0175e-05	0.25114	0.44009
chr9	111926395	111926458	7.01e-08	0.269395	6	4.4742e-14	4.5802e-12	0.79996	0.53056
chr9	113012208	113012287	1.8165e-15	0.174803	16	4.5186e-14	1.1869e-19	0.26279	0.08799
chr9	113056313	113056604	0.1848	0.104010	10	7.56e-08	1.2074e-05	0.19517	0.091161
chr9	113059730	113059870	0.026557	0.113423	15	2.3669e-11	1.7352e-06	0.27179	0.15837
chr9	113150651	113150695	0.33386	-0.103652	5	5.9128e-07	2.1814e-05	0.069574	0.17323
chr9	113224706	113224724	1	0.115519	5	1.348e-06	8.5954e-05	0.94194	0.82642
chr9	113349031	113349115	3.1503e-07	-0.255492	10	3.9635e-14	2.0584e-11	0.38005	0.63554
chr9	113387801	113387901	0.11108	-0.191095	6	3.608e-07	7.258e-06	0.34492	0.53601
chr9	113409637	113409700	1	-0.147974	5	0.00012596	0.016697	0.21287	0.36085
chr9	113500010	113500102	1	0.115002	6	0.0012231	0.015701	0.84151	0.72651
chr9	113609718	113609889	1.0784e-07	-0.250526	9	4.5741e-14	7.046e-12	0.26795	0.51847
chr9	113807936	113808066	1	-0.120139	10	6.5196e-07	7.6869e-05	0.23114	0.35128
chr9	113883655	113883763	1	0.129783	6	0.00053884	0.0027786	0.74855	0.61877
chr9	113978442	113978511	1	0.109753	5	2.3024e-06	0.00026828	0.94123	0.83147
chr9	114048860	114049280	0.0035011	0.107081	12	1.1048e-10	2.2875e-07	0.91782	0.81074
chr9	114049508	114049594	0.0070768	0.121989	11	8.3211e-13	4.6238e-07	0.89744	0.77545
chr9	114078135	114078174	1	-0.150385	5	1.4683e-05	0.0029545	0.46105	0.61143
chr9	114078804	114078862	1	-0.132461	5	0.00059706	0.0072539	0.3851	0.51756
chr9	114098967	114099131	1.9747e-05	-0.104939	20	3.1253e-13	1.2902e-09	0.19152	0.29646
chr9	114099157	114099310	8.9882e-26	-0.260311	21	4.9516e-14	5.8727e-30	0.20948	0.46979
chr9	114208493	114208693	0.10866	0.104911	12	1.8095e-10	7.0998e-06	0.88726	0.78235
chr9	114215557	114215645	1	0.122620	5	0.00013107	0.033246	0.80491	0.68229
chr9	114252621	114252723	1	0.169359	5	3.1532e-05	0.0016045	0.81883	0.64947
chr9	114285408	114285466	1	0.148176	5	1.5694e-05	0.00076401	0.64146	0.49329
chr9	114394342	114394432	1	-0.122442	7	0.00024374	0.0074287	0.53898	0.66143
chr9	114495274	114495384	1	0.105867	9	2.2526e-07	0.00010825	0.80761	0.70174
chr9	114587036	114587292	3.0387e-06	-0.178966	9	5.0848e-14	1.9854e-10	0.23013	0.4091
chr9	114612054	114612087	1	0.147717	5	5.6486e-08	0.000272	0.28469	0.13697
chr9	114930591	114930831	2.9007e-46	0.416086	17	5.7954e-14	1.8953e-50	0.6958	0.27971
chr9	116143854	116144111	1	0.107530	7	5.0517e-05	0.00091961	0.71343	0.6059
chr9	116279444	116279581	1	0.207513	5	8.5535e-06	0.00022165	0.51793	0.31042
chr9	116286527	116286641	3.3984e-09	0.225269	9	4.5741e-14	2.2204e-13	0.54098	0.31571
chr9	116574698	116574753	0.010212	-0.205328	5	9.0977e-10	6.6726e-07	0.30334	0.50867
chr9	117642017	117642092	0.00014134	0.143083	5	1.7787e-09	9.2346e-09	0.91164	0.76856
chr9	117745738	117745845	1	0.116051	6	1.1234e-05	0.0005089	0.84435	0.72829
chr9	118522825	118522978	1.63e-10	0.274869	7	4.674e-14	1.065e-14	0.70473	0.42986
chr9	118808503	118808601	0.76346	0.108172	5	1.5616e-06	4.9883e-05	0.89753	0.78935
chr9	118809402	118809436	1	0.121628	10	6.6411e-05	0.0082706	0.62601	0.50438
chr9	118809521	118809547	1	0.145147	7	9.3459e-06	0.00023081	0.65344	0.5083
chr9	119167256	119167481	1	0.105862	5	1.0257e-05	0.00033152	0.90782	0.80196
chr9	119533487	119533523	1	0.140828	5	0.00030724	0.0038506	0.48656	0.34573
chr9	119870341	119870426	0.1895	0.141550	9	7.1819e-11	1.2382e-05	0.88632	0.74477
chr9	120878085	120878161	1	0.197213	5	1.6169e-07	9.3992e-05	0.56968	0.37246
chr9	120893608	120893661	0.03003	0.213640	6	2.4086e-10	1.9621e-06	0.83962	0.62598
chr9	120894903	120895033	0.00025307	-0.176668	12	6.4726e-14	1.6535e-08	0.43993	0.6166
chr9	120926376	120926468	7.8996e-13	0.351794	8	4.0412e-14	5.1614e-17	0.69856	0.34676
chr9	120926873	120927004	2.322e-06	0.293843	6	4.4187e-14	1.5172e-10	0.70727	0.41342
chr9	120932422	120932585	1.0283e-05	0.175692	8	5.7065e-14	6.7186e-10	0.84203	0.66633
chr9	121267533	121267595	1	-0.119534	5	0.00012104	0.00068959	0.5259	0.64543
chr9	121267599	121267701	2.4654e-10	-0.217775	9	4.5963e-14	1.6108e-14	0.21863	0.43641
chr9	121282860	121282986	1	0.105031	7	0.0001864	0.025025	0.67343	0.5684
chr9	121285909	121286142	0.00050358	0.192074	7	1.2434e-10	3.2903e-08	0.5823	0.39023
chr9	121370156	121370242	5.3529e-13	0.129472	22	4.5519e-14	3.4975e-17	0.16047	0.031003
chr9	121370581	121370705	9.0592e-16	0.350315	9	4.1633e-14	5.9191e-20	0.63537	0.28505
chr9	121700747	121700761	9.8253e-06	0.321093	5	8.1823e-14	6.4197e-10	0.60013	0.27904
chr9	121737575	121737658	0.014025	-0.225486	5	1.1275e-09	9.1636e-07	0.39148	0.61696
chr9	121771651	121771759	1	0.152496	5	4.2728e-06	0.00030764	0.83756	0.68506
chr9	121815945	121815980	1	-0.112136	5	0.0034017	0.0042049	0.47658	0.58872
chr9	121896611	121896784	0.016764	0.125748	12	4.7125e-11	1.0953e-06	0.84614	0.72039
chr9	121914185	121914255	0.074811	-0.187691	5	9.8673e-09	4.888e-06	0.53434	0.72203
chr9	122161716	122161899	1	0.116676	5	0.00023093	0.0051674	0.82243	0.70576
chr9	122216830	122217108	0.44701	-0.194464	9	2.4497e-09	2.9207e-05	0.41041	0.60487
chr9	122217737	122217795	0.32826	0.160122	5	8.7332e-08	2.1448e-05	0.41197	0.25185
chr9	122220207	122220510	1	-0.123660	5	0.0022058	0.032828	0.23618	0.35984
chr9	122226441	122226506	1	-0.124367	8	0.00026808	0.013769	0.16749	0.29186
chr9	122347726	122347838	1.2677e-07	-0.265987	8	4.2299e-14	8.2831e-12	0.38039	0.64638
chr9	122370320	122370478	1	0.152276	7	3.6258e-05	0.00038695	0.68597	0.5337
chr9	122375300	122375381	0.0031293	-0.130214	8	2.4596e-09	2.0447e-07	0.14963	0.27984
chr9	122405351	122405496	1.4851e-10	0.261633	8	4.5186e-14	9.7031e-15	0.68824	0.42661
chr9	122518847	122518949	1	0.111568	5	0.046668	0.039023	0.73732	0.62575
chr9	122940500	122940568	1	-0.153229	5	0.00025903	0.009175	0.36762	0.52085
chr9	123033633	123033657	0.36205	0.194176	6	1.4517e-09	2.3656e-05	0.77521	0.58103
chr9	123034484	123035112	6.8739e-06	0.191948	12	4.4076e-14	4.4913e-10	0.80276	0.61081
chr9	123111635	123111862	1	-0.161060	5	2.4002e-07	7.9248e-05	0.28623	0.44729
chr9	123339028	123339121	6.493e-07	0.327295	7	4.3965e-14	4.2424e-11	0.63943	0.31214
chr9	123339609	123340029	1.5587e-41	0.323270	35	3.4639e-14	1.0184e-45	0.63058	0.30731
chr9	123369577	123369610	1	0.146645	5	1.8726e-05	0.00012015	0.78285	0.63621
chr9	123481355	123481461	1	-0.166864	7	1.0099e-07	0.00010769	0.48478	0.65164
chr9	123569531	123569637	9.6541e-14	-0.316687	10	4.2522e-14	6.3078e-18	0.28112	0.59781
chr9	124038041	124038087	0.77046	0.182488	5	4.7897e-08	5.034e-05	0.75582	0.57333
chr9	124256535	124256658	0.027205	-0.178423	5	3.4352e-08	1.7775e-06	0.37539	0.55381
chr9	124266789	124266989	1	0.113013	6	0.00064432	0.027737	0.6859	0.57289
chr9	124278221	124278321	0.00019159	0.208479	12	4.5852e-14	1.2518e-08	0.73145	0.52297
chr9	124292124	124292576	0.040835	0.199836	8	7.5746e-09	2.6681e-06	0.79118	0.59134
chr9	124371807	124371929	0.021213	0.160926	5	3.9471e-08	1.386e-06	0.88277	0.72185
chr9	124392803	124392969	0.20939	0.107504	10	1.9479e-10	1.3681e-05	0.89521	0.78771
chr9	124487451	124487560	1	-0.112441	10	3.401e-05	0.00092166	0.33085	0.44329
chr9	124776701	124776785	0.013606	-0.184815	5	2.963e-09	8.8897e-07	0.20317	0.38799
chr9	124777734	124777832	1	0.115134	10	4.696e-05	0.0010296	0.48589	0.37076
chr9	124838634	124838967	3.9194e-12	0.171138	46	3.6304e-14	2.5608e-16	0.40978	0.23864
chr9	124853744	124853846	1	-0.138932	8	4.3158e-05	0.016067	0.38662	0.52555
chr9	125190551	125190612	1	0.149093	5	5.3975e-06	0.00028061	0.65469	0.5056
chr9	125238639	125238730	1	0.131462	5	0.0001476	0.022522	0.80636	0.6749
chr9	125239071	125239247	1	0.148663	5	1.7048e-07	0.0001641	0.84408	0.69542
chr9	125407410	125407442	1	0.110592	6	0.0016245	0.039628	0.76021	0.64961
chr9	125425561	125425620	0.18677	-0.238729	6	7.2444e-09	1.2203e-05	0.38685	0.62558
chr9	125545261	125545457	0.11808	-0.166528	10	5.494e-08	7.715e-06	0.4748	0.64133
chr9	125759670	125759710	4.5167e-20	0.298416	10	3.8303e-14	2.9511e-24	0.61689	0.31848
chr9	126057682	126057757	1	-0.191178	7	1.8251e-06	0.00068066	0.43955	0.63073
chr9	126337227	126337275	0.015656	0.143173	7	7.5246e-08	1.023e-06	0.87777	0.7346
chr9	126375753	126375887	1	0.137278	5	6.7215e-05	0.00057903	0.38049	0.24322
chr9	126421836	126421998	4.9943e-06	0.180741	9	4.4076e-14	3.2632e-10	0.93469	0.75395
chr9	126482458	126482525	1.775e-08	0.209709	16	4.2633e-14	1.1598e-12	0.84659	0.63688
chr9	126490378	126490555	2.4881e-19	0.279758	17	4.2188e-14	1.6257e-23	0.62872	0.34897
chr9	126671488	126671691	1.4014e-05	-0.114885	27	4.0856e-14	9.1562e-10	0.14059	0.25548
chr9	126702949	126702982	1	0.104379	5	0.0023544	0.0070533	0.59131	0.48694
chr9	126724813	126725030	0.0010535	-0.227415	6	1.344e-10	6.8831e-08	0.38888	0.61629
chr9	126804721	126804776	1	0.131669	5	0.00098099	0.012653	0.33356	0.20189
chr9	126885898	126886070	1	0.118066	5	0.00050708	0.016989	0.82698	0.70891
chr9	127122030	127122154	0.24477	0.166098	5	4.9485e-07	1.5993e-05	0.65895	0.49286
chr9	127122614	127122825	0.00046182	0.207311	14	5.1736e-14	3.0175e-08	0.46359	0.25628
chr9	127699264	127699319	5.6833e-07	0.205289	9	4.1633e-14	3.7133e-11	0.34474	0.13945
chr9	127734497	127734602	1	-0.127215	5	0.011484	0.069333	0.48446	0.61168
chr9	127735950	127736038	1	-0.146682	7	1.0571e-05	0.0054562	0.43264	0.57932
chr9	127755490	127755615	3.6801e-05	-0.248316	7	5.0182e-14	2.4045e-09	0.23776	0.48608
chr9	127778661	127778959	2.9369e-08	0.389127	5	4.8406e-14	1.9189e-12	0.66358	0.27446
chr9	127854341	127854379	0.001847	0.301943	5	6.1372e-11	1.2068e-07	0.57808	0.27614
chr9	127866581	127866721	1	0.122125	8	4.8364e-06	0.00013873	0.8619	0.73977
chr9	127877894	127877942	1	-0.154955	5	6.2201e-07	6.848e-05	0.11034	0.26529
chr9	127900172	127900293	1	-0.121514	9	9.848e-05	0.00048807	0.60329	0.72481
chr9	127938589	127938862	3.0126e-10	-0.254923	21	4.6074e-14	1.9684e-14	0.34053	0.59545
chr9	127950710	127950890	6.8555e-17	-0.221179	20	5.0515e-14	4.4793e-21	0.4669	0.68808
chr9	127981614	127981692	3.5572e-08	-0.152206	8	4.1855e-14	2.3242e-12	0.071319	0.22352
chr9	128071074	128071203	1	0.121925	8	0.00027576	0.0086574	0.6752	0.55328
chr9	128092016	128092158	1	0.105401	5	0.0013148	0.030671	0.85764	0.75223
chr9	128159550	128159695	0.018435	0.144108	12	8.4279e-12	1.2045e-06	0.34421	0.2001
chr9	128193777	128193892	0.86474	0.233565	5	1.6002e-06	5.65e-05	0.71637	0.4828
chr9	128205634	128205828	1	-0.115495	9	2.9084e-05	0.0013982	0.59207	0.70756
chr9	128339861	128339929	1	-0.151921	5	4.2443e-07	0.00036582	0.34717	0.49909
chr9	128688424	128688525	4.1588e-11	0.225478	17	4.2966e-14	2.7173e-15	0.62496	0.39948
chr9	128920579	128920766	1	0.100425	5	0.020494	0.11866	0.64781	0.54738
chr9	129068716	129068848	1	0.153773	8	1.0681e-08	8.3015e-05	0.85424	0.70047
chr9	129080476	129080484	0.61244	0.149221	5	9.2182e-08	4.0015e-05	0.23286	0.083634
chr9	129261388	129261511	1.2727e-08	0.227014	12	4.6518e-14	8.3157e-13	0.64961	0.4226
chr9	129403316	129403453	1	0.128125	7	6.7077e-06	0.00065045	0.88224	0.75412
chr9	129495836	129495858	0.00033947	-0.255843	5	1.4737e-11	2.218e-08	0.20272	0.45856
chr9	129598450	129598553	1	0.175619	7	1.8925e-07	6.6637e-05	0.82705	0.65143
chr9	129624503	129624660	0.33968	0.177389	5	2.0906e-06	2.2194e-05	0.58024	0.40286
chr9	129625171	129625193	0.017151	0.216519	6	3.5163e-11	1.1206e-06	0.4484	0.23188
chr9	129669257	129669328	1	0.127670	13	9.7512e-08	9.2815e-05	0.36519	0.23752
chr9	129685760	129685867	1	-0.119899	9	5.4278e-05	0.00093187	0.43543	0.55533
chr9	129694052	129694136	0.14158	0.142130	5	2.3211e-08	9.2503e-06	0.91354	0.77141
chr9	129752241	129752366	1.9831e-10	-0.227590	13	4.2188e-14	1.2957e-14	0.1762	0.40379
chr9	129753446	129753574	1	0.106660	5	0.0054832	0.038069	0.75546	0.6488
chr9	129836607	129836725	0.014367	0.167841	6	3.0213e-09	9.387e-07	0.42072	0.25288
chr9	129888252	129888382	2.0691e-27	0.425028	12	4.9627e-14	1.3519e-31	0.68389	0.25886
chr9	129890463	129890599	5.9944e-09	0.282549	7	4.0523e-14	3.9166e-13	0.42914	0.14659
chr9	130142251	130142290	1	0.114768	5	0.00047129	0.016116	0.78733	0.67256
chr9	130234565	130234685	0.01382	0.202069	5	3.3625e-10	9.0295e-07	0.73795	0.53588
chr9	130262380	130262536	1	0.172007	8	2.049e-06	0.0011125	0.7804	0.6084
chr9	130434009	130434061	1	-0.109273	9	9.3266e-06	0.00032621	0.1814	0.29067
chr9	130467366	130467538	9.8068e-19	0.347548	9	4.341e-14	6.4076e-23	0.54893	0.20138
chr9	130473761	130473873	0.19215	0.128529	11	6.4828e-08	1.2555e-05	0.79976	0.67123
chr9	130577777	130577898	7.091e-06	-0.262998	5	7.2276e-14	4.6331e-10	0.32304	0.58604
chr9	130666188	130666337	1	0.105497	10	5.0825e-08	7.1437e-05	0.21588	0.11038
chr9	130692731	130692840	1	0.101447	10	0.0001735	0.0025097	0.79031	0.68886
chr9	130701073	130701101	0.00011168	-0.243609	6	5.1081e-13	7.2968e-09	0.4409	0.68451
chr9	130714105	130714268	3.0083e-16	-0.284043	12	4.2299e-14	1.9656e-20	0.24358	0.52762
chr9	130824634	130824739	1	-0.112042	5	0.0004979	0.0061738	0.48649	0.59853
chr9	130839798	130839953	0.12507	-0.139287	10	6.4786e-08	8.1721e-06	0.66522	0.80451
chr9	130883152	130883219	1	-0.112980	5	6.4497e-05	0.012828	0.67299	0.78597
chr9	130893543	130893879	1	0.102861	7	0.055875	0.063585	0.55692	0.45406
chr9	130894299	130894408	1	-0.157135	8	1.884e-06	0.0038091	0.50181	0.65895
chr9	130915039	130915106	1	0.103085	5	0.0019663	0.038417	0.82209	0.71901
chr9	130926126	130926284	1	0.105023	9	0.00030129	0.0031233	0.54932	0.4443
chr9	130929930	130930061	0.02192	0.112296	14	2.1365e-09	1.4322e-06	0.86445	0.75215
chr9	130962749	130962864	1	0.110412	8	7.0061e-05	0.0028197	0.60588	0.49547
chr9	130995614	130995647	1	0.126663	5	0.0013603	0.0093344	0.40723	0.28057
chr9	131023011	131023092	1	0.134431	8	2.2826e-07	0.00011001	0.86109	0.72666
chr9	131233508	131233750	0.18241	0.111091	10	7.8965e-10	1.1918e-05	0.87507	0.76398
chr9	131244601	131244643	4.3778e-06	-0.264017	8	4.7407e-14	2.8604e-10	0.35106	0.61507
chr9	131264467	131264532	0.046592	0.148615	7	3.1738e-09	3.0442e-06	0.82345	0.67484
chr9	131270716	131270796	2.628e-08	0.277542	8	4.5297e-14	1.7171e-12	0.52045	0.24291
chr9	131274775	131274954	5.2476e-29	0.430439	13	4.1633e-14	3.4287e-33	0.67173	0.24129
chr9	131276062	131276133	6.6916e-09	0.378079	6	4.5852e-14	4.3721e-13	0.66929	0.29121
chr9	131383446	131383544	1	-0.143706	6	2.0013e-06	0.0001572	0.20856	0.35227
chr9	131405386	131405470	0.11282	0.165484	5	1.0453e-08	7.3716e-06	0.76639	0.6009
chr9	131530475	131530591	0.57661	-0.156045	9	2.2019e-08	3.7675e-05	0.20885	0.3649
chr9	131578829	131578915	1.0939e-14	0.311513	8	4.6851e-14	7.1472e-19	0.70986	0.39835
chr9	131622144	131622209	0.00036378	0.183542	7	1.6364e-11	2.3769e-08	0.87467	0.69113
chr9	131657728	131657886	1	0.104508	8	2.41e-05	0.02195	0.77824	0.67373
chr9	131669094	131669160	0.0059453	0.245714	5	6.2201e-07	3.8846e-07	0.6292	0.38349
chr9	131710161	131710274	1	0.121430	8	7.4731e-06	0.0062254	0.58399	0.46256
chr9	131714999	131715082	0.013635	0.151598	10	8.1595e-10	8.909e-07	0.85535	0.70376
chr9	131728791	131728878	1	0.128969	6	0.00010219	0.00044015	0.46955	0.34058
chr9	131729791	131729933	8.4468e-05	0.264211	8	5.1625e-14	5.519e-09	0.72338	0.45917
chr9	131824021	131824103	1	0.152281	5	0.00025413	0.0093987	0.61736	0.46507
chr9	132164869	132164910	1	-0.147343	5	3.4556e-06	0.00014583	0.1618	0.30915
chr9	132166674	132166717	1	0.143599	5	0.00021382	0.010457	0.5482	0.40461
chr9	132240194	132240260	0.18338	-0.191729	5	2.2476e-06	1.1982e-05	0.37275	0.56448
chr9	132252649	132252728	0.55312	0.142379	10	5.5504e-09	3.614e-05	0.39102	0.24864
chr9	132457670	132457747	4.0097e-10	-0.196784	14	4.1633e-14	2.6199e-14	0.16251	0.3593
chr9	132504781	132504846	1	-0.174387	5	2.7349e-07	7.9381e-05	0.37645	0.55083
chr9	132510195	132510289	1	-0.108853	5	0.021033	0.078014	0.51708	0.62593
chr9	132579861	132579907	3.1193e-05	0.129532	9	3.5613e-12	2.0381e-09	0.25756	0.12803
chr9	132637669	132637869	0.00031988	-0.187180	12	5.3846e-14	2.0901e-08	0.49325	0.68043
chr9	132708905	132708920	1	0.133931	6	8.1072e-05	0.001334	0.77929	0.64536
chr9	132770640	132770705	1	0.217061	8	1.7527e-08	7.066e-05	0.61477	0.3977
chr9	132834175	132834409	1	0.181124	5	2.3585e-06	0.00080235	0.77673	0.59561
chr9	132877733	132877783	1	-0.118369	5	6.1884e-05	0.0015688	0.51111	0.62948
chr9	132888235	132888333	1.3095e-08	0.251637	6	4.3077e-14	8.5558e-13	0.85928	0.60764
chr9	132943025	132943202	0.031454	-0.174273	5	6.479e-10	2.0551e-06	0.2049	0.37917
chr9	132978483	132978521	0.14675	0.128559	5	6.3794e-07	9.5885e-06	0.333	0.20444
chr9	133025493	133025575	0.00032624	-0.153876	13	1.5055e-12	2.1316e-08	0.27485	0.42872
chr9	133074563	133074649	0.00025766	-0.230619	6	1.5266e-13	1.6835e-08	0.25054	0.48115
chr9	133114241	133114288	0.58817	0.151839	9	7.6973e-08	3.843e-05	0.76358	0.61174
chr9	133153713	133153767	1	0.117320	5	6.9608e-06	0.00048635	0.93549	0.81818
chr9	133200101	133200313	2.6943e-05	0.329833	5	3.314e-13	1.7604e-09	0.49416	0.16433
chr9	133200397	133200508	1	0.128397	9	1.8685e-06	0.00035018	0.82251	0.69411
chr9	133232246	133232351	3.4692e-08	-0.212919	10	4.13e-14	2.2667e-12	0.17328	0.3862
chr9	133255701	133255768	0.015782	0.139291	7	3.79e-10	1.0312e-06	0.88612	0.74683
chr9	133274491	133274638	1	-0.135352	7	1.7882e-05	6.6498e-05	0.28076	0.41611
chr9	133306818	133306886	1	0.144196	5	0.00022654	0.0085978	0.6554	0.5112
chr9	133329336	133329432	0.56683	-0.165000	5	8.5535e-06	3.7036e-05	0.30964	0.47464
chr9	133371515	133371558	0.015816	0.282758	5	7.2256e-11	1.0334e-06	0.72852	0.44576
chr9	133420583	133420687	0.03339	0.222476	6	1.0011e-09	2.1817e-06	0.71406	0.49158
chr9	133421932	133422005	1	0.148132	5	9.3203e-05	0.0024426	0.6221	0.47397
chr9	133432652	133432737	1	0.102081	5	0.0036222	0.073371	0.83548	0.7334
chr9	133473134	133473243	1	-0.148731	7	2.3741e-06	8.6596e-05	0.57115	0.71989
chr9	133474162	133474345	0.002984	0.287785	7	2.6775e-12	1.9497e-07	0.71682	0.42904
chr9	133525738	133525853	1	0.153888	5	5.2399e-05	0.0028118	0.77369	0.6198
chr9	133552732	133552795	0.023884	0.165509	6	1.6293e-09	1.5605e-06	0.85692	0.69141
chr9	133581703	133581818	1	0.114144	5	0.0015313	0.038554	0.70352	0.58937
chr9	133584526	133584668	0.011802	-0.267797	5	1.7833e-10	7.7115e-07	0.18865	0.45645
chr9	133607734	133607806	0.016275	0.168060	5	1.5691e-10	1.0634e-06	0.59568	0.42762
chr9	133634051	133634146	1	-0.114299	10	7.5163e-05	0.0065755	0.27299	0.38729
chr9	133657674	133657734	1	0.108495	5	0.0053203	0.040154	0.67156	0.56306
chr9	133679952	133680046	0.011668	-0.207227	10	7.6418e-11	7.6239e-07	0.37379	0.58101
chr9	133701810	133702035	8.9535e-21	0.247936	18	4.2966e-14	5.85e-25	0.7742	0.52627
chr9	133893573	133893624	0.19028	-0.219692	5	9.9949e-08	1.2433e-05	0.45177	0.67146
chr9	133918269	133918394	4.6154e-08	0.193776	16	4.1966e-14	3.0156e-12	0.67632	0.48255
chr9	133950926	133951051	1	-0.114091	8	2.1752e-06	0.0009078	0.66924	0.78333
chr9	133954304	133954430	1	0.145772	9	2.2282e-07	0.00021686	0.82009	0.67432
chr9	133957165	133957211	0.047884	0.310523	5	9.7292e-08	3.1286e-06	0.69601	0.38549
chr9	133972225	133972326	6.5306e-08	-0.235417	13	4.4631e-14	4.267e-12	0.36863	0.60405
chr9	133979598	133979691	0.92258	0.176958	8	1.4639e-07	6.0279e-05	0.61773	0.44077
chr9	134014575	134014624	1	-0.167550	5	0.0023164	0.012313	0.6525	0.82005
chr9	134138600	134138762	6.8947e-09	-0.278390	9	4.1189e-14	4.5049e-13	0.40155	0.67994
chr9	134387334	134387399	2.0104e-05	-0.267556	8	5.4068e-14	1.3136e-09	0.25659	0.52415
chr9	134387408	134387567	0.4351	-0.159557	10	3.1109e-08	2.8429e-05	0.46625	0.62581
chr9	134404457	134404533	1	0.188176	5	8.7506e-06	0.00048626	0.73013	0.54195
chr9	134440354	134440517	8.7889e-06	0.268517	6	1.0059e-13	5.7425e-10	0.61978	0.35126
chr9	134461701	134461753	1	0.118120	5	2.7236e-06	0.00071097	0.83211	0.71399
chr9	134501209	134501256	0.48944	0.127996	9	3.1387e-09	3.1979e-05	0.34499	0.21699
chr9	134585175	134585436	0.50002	0.214152	6	5.4249e-09	3.267e-05	0.62298	0.40883
chr9	134643108	134643171	1	-0.176805	5	2.183e-05	0.0014461	0.23613	0.41293
chr9	134670566	134670602	1	-0.183766	5	4.2728e-06	0.00077696	0.32773	0.5115
chr9	134707312	134707346	6.543e-06	-0.267557	7	5.0626e-14	4.2751e-10	0.30169	0.56925
chr9	134724715	134724765	1	-0.143198	5	0.0047115	0.069405	0.51855	0.66175
chr9	134770995	134771164	2.2678e-20	0.295125	19	4.5408e-14	1.4817e-24	0.64509	0.34996
chr9	134783527	134783599	1.1102e-18	0.351634	15	3.9302e-14	7.254e-23	0.68803	0.3364
chr9	134831320	134831379	1	0.162455	8	1.283e-07	0.00013169	0.72001	0.55756
chr9	134917706	134917844	1	0.116782	7	7.0913e-06	0.0014509	0.81974	0.70296
chr9	134991085	134991131	0.12486	0.132025	7	7.4529e-09	8.1583e-06	0.95215	0.82012
chr9	135085805	135085961	0.00012115	-0.178089	8	4.9738e-14	7.916e-09	0.2475	0.42559
chr9	135086616	135086677	1	-0.102810	5	0.00050708	0.0053432	0.063939	0.16675
chr9	135088958	135089006	0.0046482	0.103171	7	1.8067e-08	3.037e-07	0.1534	0.050234
chr9	135089600	135089646	1	0.132218	9	3.0827e-07	7.47e-05	0.82415	0.69193
chr9	135098394	135098430	1	0.158039	5	6.0615e-05	0.0034799	0.81935	0.66131
chr9	135098483	135098534	0.00011339	0.237678	8	6.1617e-14	7.409e-09	0.57165	0.33397
chr9	135101769	135101817	1	0.131460	5	2.3024e-06	0.00041132	0.88366	0.7522
chr9	135129795	135129894	1	0.164161	5	0.00065327	0.014505	0.66439	0.50023
chr9	135244539	135244828	0.12517	-0.206259	9	2.1191e-10	8.1783e-06	0.44178	0.64804
chr9	135247408	135247581	1	-0.112016	5	0.0081677	0.067425	0.18008	0.29209
chr9	135260919	135260982	1	0.148770	5	0.00012104	0.0040496	0.71659	0.56782
chr9	135329225	135329363	1	0.151755	5	0.00010951	0.023006	0.66582	0.51406
chr9	135438611	135438733	1	-0.135755	5	0.00011864	0.00079426	0.24597	0.38173
chr9	135442853	135442926	1	0.138051	7	7.2237e-07	0.00027338	0.73181	0.59376
chr9	135516227	135516327	1	0.166579	5	1.3134e-05	0.0034041	0.71313	0.54655
chr9	135517823	135517858	0.0471	-0.198374	5	1.1432e-07	3.0774e-06	0.28112	0.4795
chr9	135694388	135694494	1	0.117120	7	2.3398e-06	9.3342e-05	0.81291	0.69579
chr9	135735109	135735176	1	0.108000	5	0.00037756	0.0039713	0.78208	0.67408
chr9	135787872	135787971	1	0.110607	5	1.6046e-05	0.0013761	0.91545	0.80485
chr9	135908467	135908545	1	0.113734	7	3.4884e-05	0.0003951	0.6135	0.49977
chr9	135958619	135958816	1.2688e-08	0.239296	9	4.1966e-14	8.2901e-13	0.81638	0.57708
chr9	135960344	135960411	1	-0.141341	5	0.0023164	0.021457	0.33234	0.47368
chr9	135969691	135969836	0.78846	0.217348	6	3.0218e-07	5.1517e-05	0.63333	0.41598
chr9	135987756	135987794	1	0.121613	7	0.00012895	0.0066875	0.73301	0.61139
chr9	136075423	136075488	0.055407	0.105617	11	5.2329e-10	3.6202e-06	0.92763	0.82201
chr9	136075525	136075610	0.00028826	0.208385	6	3.425e-13	1.8835e-08	0.94666	0.73828
chr9	136075988	136076063	1.9773e-12	0.363578	7	4.4631e-14	1.2919e-16	0.77558	0.412
chr9	136099003	136099071	1	0.164639	5	0.00056553	0.015597	0.50486	0.34022
chr9	136119930	136119989	3.9464e-11	-0.292143	12	4.6962e-14	2.5785e-15	0.28298	0.57512
chr9	136134397	136134499	0.045704	-0.262312	5	1.1985e-09	2.9862e-06	0.29067	0.55299
chr9	136200606	136200981	1	0.139872	13	5.6857e-08	0.00010007	0.68332	0.54345
chr9	136206652	136206705	1	0.148614	5	1.3785e-07	0.00012155	0.87969	0.73107
chr9	136233532	136233662	1	0.147647	9	8.4867e-06	0.0003097	0.71681	0.56917
chr9	136238028	136238129	4.1837e-16	0.303197	10	4.5963e-14	2.7336e-20	0.7594	0.4562
chr9	136246210	136246284	1	-0.144470	5	0.0001761	0.015019	0.28148	0.42595
chr9	136249746	136250011	1.2727e-05	-0.210527	11	4.3188e-14	8.3157e-10	0.27263	0.48315
chr9	136250176	136250242	1	-0.123700	5	0.00086791	0.0046623	0.5518	0.6755
chr9	136411318	136411678	1	-0.109889	11	0.00062001	0.012713	0.12266	0.23255
chr9	136440114	136440355	1	-0.157977	5	5.4792e-07	7.4926e-05	0.59368	0.75166
chr9	136472783	136472869	1	0.121673	5	4.9485e-07	0.00015815	0.90029	0.77862
chr9	136509375	136509463	0.0026338	0.235195	6	1.1248e-09	1.7209e-07	0.71676	0.48156
chr9	136521580	136521749	1	-0.127931	8	0.00032933	0.012981	0.28641	0.41434
chr9	136543777	136543903	8.7107e-06	-0.255860	9	4.6407e-14	5.6914e-10	0.28495	0.54081
chr9	136564842	136564856	6.7149e-05	0.275149	5	1.9711e-12	4.3874e-09	0.53773	0.26258
chr9	136629235	136629296	1	-0.188663	6	1.8057e-05	0.00023767	0.2921	0.48076
chr9	136641282	136641359	0.20813	-0.159627	9	2.8587e-07	1.3599e-05	0.4314	0.59103
chr9	136651064	136651187	0.00027903	0.190266	9	2.3825e-13	1.8231e-08	0.79018	0.59991
chr9	136653900	136654004	7.1584e-07	0.153973	17	4.1966e-14	4.6771e-11	0.31876	0.16478
chr9	136656767	136656843	6.32e-07	0.274324	7	4.4964e-14	4.1294e-11	0.43862	0.16429
chr9	136670601	136670738	3.0752e-05	-0.160008	24	4.3077e-14	2.0093e-09	0.29695	0.45696
chr9	136694023	136694065	1	-0.129162	5	0.00012347	0.0043906	0.21588	0.34504
chr9	136696274	136696308	1	0.117574	6	0.00027718	0.00083614	0.29387	0.1763
chr9	136726069	136726297	1	0.119414	11	4.4238e-06	0.00035488	0.80026	0.68085
chr9	136734608	136734713	1	0.134576	5	0.0024718	0.011865	0.82491	0.69033
chr9	136748476	136748506	1	0.114980	5	4.8037e-06	0.00011447	0.9143	0.79932
chr9	136748545	136748925	1	0.139809	8	0.00016628	0.02291	0.59954	0.45973
chr9	136754561	136754588	5.3097e-05	0.251362	8	5.2736e-14	3.4693e-09	0.69485	0.44348
chr9	136754601	136754640	1	0.120891	5	0.00066508	0.020769	0.83396	0.71307
chr9	136764438	136764730	8.1696e-12	-0.274820	11	4.3299e-14	5.3378e-16	0.36152	0.63634
chr9	136788911	136788999	1	-0.187133	7	1.4186e-07	0.00058559	0.36991	0.55704
chr9	136806782	136807169	0.0011813	-0.235411	9	1.8245e-12	7.7186e-08	0.32719	0.56261
chr9	136821211	136821284	0.00072819	0.178649	10	2.4325e-13	4.7579e-08	0.60487	0.42622
chr9	136846447	136846572	1	0.103412	5	0.0068555	0.020687	0.24705	0.14364
chr9	136882409	136882467	1	0.141901	5	0.00085278	0.0039149	0.38018	0.23827
chr9	136917812	136917984	0.0043803	0.134920	11	4.7284e-13	2.862e-07	0.92097	0.78605
chr9	136949300	136949400	1	-0.163227	5	0.0014557	0.016899	0.23181	0.39504
chr9	136964605	136964732	2.9999e-12	-0.273815	12	4.0079e-14	1.9601e-16	0.33335	0.60716
chr9	137022416	137022540	6.9841e-06	-0.266072	7	7.3164e-14	4.5633e-10	0.32537	0.59144
chr9	137027361	137027541	1	-0.120144	6	0.0019396	0.034323	0.4078	0.52795
chr9	137030925	137031012	5.3999e-08	0.299284	7	4.0967e-14	3.5282e-12	0.57857	0.27929
chr9	137057715	137057878	3.5617e-05	-0.223206	10	5.2514e-14	2.3272e-09	0.28427	0.50748
chr9	137074110	137074163	1.4204e-06	-0.306018	5	7.927e-14	9.2807e-11	0.33139	0.63741
chr9	137079354	137079425	0.00024213	-0.369490	5	2.5927e-12	1.5821e-08	0.35054	0.72003
chr9	137128919	137129028	5.6673e-05	0.308233	5	9.2371e-14	3.7029e-09	0.60675	0.29852
chr9	137130406	137130489	0.00427	0.155600	11	2.0262e-13	2.79e-07	0.27755	0.12195
chr9	137138474	137138501	0.0019508	0.218922	5	3.7585e-09	1.2746e-07	0.37919	0.16026
chr9	137156126	137156180	1	-0.215046	5	2.2778e-07	7.4464e-05	0.45831	0.67335
chr9	137166480	137166587	1	0.113094	5	0.00027425	0.0048798	0.75583	0.64274
chr9	137201655	137201707	1	-0.110969	5	0.005736	0.077137	0.35097	0.46194
chr9	137232598	137232890	1.1887e-11	-0.247778	21	4.3743e-14	7.7668e-16	0.32538	0.57315
chr9	137243133	137243431	1	-0.102081	10	0.00014178	0.0094433	0.71337	0.81545
chr9	137262285	137262316	0.18487	-0.178644	5	2.1613e-07	1.2079e-05	0.1958	0.37445
chr9	137262330	137262420	0.047142	-0.101852	11	7.9557e-12	3.0802e-06	0.093591	0.19544
chr9	137271603	137271702	0.006144	0.244726	7	1.4193e-11	4.0144e-07	0.75839	0.51367
chr9	137293495	137293567	1	-0.206873	6	2.4534e-08	7.8744e-05	0.3836	0.59047
chr9	137293955	137294067	5.8096e-36	-0.305662	22	5.3957e-14	3.7959e-40	0.33779	0.64345
chr9	137299448	137299568	4.9895e-06	-0.227168	6	9.5836e-12	3.2601e-10	0.33309	0.56026
chr9	137326905	137327037	1.9412e-35	0.401244	19	4.8295e-14	1.2683e-39	0.66691	0.26567
chr9	137378652	137378718	1	0.112575	5	1.2281e-05	0.006216	0.85253	0.73995
chr9	137446277	137446341	1	-0.131864	5	0.00074025	0.033586	0.37765	0.50951
chr9	137506110	137506207	0.063434	0.104559	16	5.4435e-10	4.1446e-06	0.85077	0.74621
chr9	137630655	137630755	1	0.191268	5	2.0906e-06	0.0011124	0.69212	0.50085
chr9	137691673	137691861	6.2273e-05	0.214956	9	4.3854e-14	4.0688e-09	0.81221	0.59725
chr9	137756539	137756598	0.0054584	0.139262	8	1.9704e-10	3.5664e-07	0.8196	0.68034
chr9	137762521	137762902	0.00076778	0.207689	8	2.417e-13	5.0165e-08	0.81324	0.60555
chr9	137809129	137809256	0.37561	0.140252	9	8.4234e-09	2.4542e-05	0.7538	0.61354
chr9	137839262	137839528	0.17842	0.158168	5	5.3469e-08	1.1657e-05	0.91221	0.75404
chr9	137877104	137877215	1	0.114761	7	0.00029635	0.013598	0.62446	0.5097
chr9	138122530	138122622	6.0406e-06	0.328317	5	8.4821e-14	3.9468e-10	0.66655	0.33823
