chrX	2796937	2797069	5.671e-09	0.222204	16	4.4631e-14	6.6577e-13	0.60182	0.37962
chrX	2831962	2832105	1	0.105925	8	3.4029e-07	0.00015151	0.92033	0.81441
chrX	2890517	2890609	1	-0.109562	9	0.00011634	0.0026947	0.28197	0.39153
chrX	2908787	2908882	1	0.103237	5	0.0001727	0.00033984	0.86738	0.76414
chrX	2964141	2964345	3.4655e-08	-0.220427	12	4.019e-14	4.0684e-12	0.2964	0.51683
chrX	2968240	2968286	0.001001	0.187634	10	5.6255e-13	1.1751e-07	0.57064	0.38301
chrX	3006593	3006687	1	-0.130160	5	0.0001163	0.010317	0.6049	0.73506
chrX	3066679	3066864	0.072222	-0.117522	12	6.09e-10	8.4787e-06	0.21568	0.3332
chrX	3112532	3112595	2.5586e-09	0.268543	6	4.4853e-14	3.0037e-13	0.5327	0.26415
chrX	3309401	3309536	1	0.148316	5	0.00066508	0.011094	0.78568	0.63737
chrX	3872406	3872456	1	-0.166027	7	0.00010124	0.0088575	0.34961	0.51564
chrX	6535745	6535874	1	0.103336	6	5.1385e-05	0.0059869	0.86573	0.7624
chrX	7703783	7703955	1	0.108800	5	6.5842e-05	0.0029164	0.8688	0.76
chrX	7927053	7927066	0.1836	0.133552	7	9.7753e-08	2.1554e-05	0.271	0.13745
chrX	8002305	8002466	1	0.112281	8	1.0911e-06	0.00038197	0.91284	0.80056
chrX	8171896	8171927	0.34437	0.101885	5	1.9442e-06	4.0428e-05	0.9358	0.83392
chrX	8532837	8533036	0.012762	0.128129	9	2.0368e-10	1.4983e-06	0.84916	0.72103
chrX	8783500	8783537	1	0.148716	5	7.7604e-05	0.0027901	0.73036	0.58164
chrX	9766169	9766405	1	0.106817	7	0.0025937	0.0022199	0.70841	0.6016
chrX	9890692	9890929	0.27254	0.104292	16	2.5635e-08	3.1996e-05	0.83982	0.73553
chrX	9940600	9940679	4.0859e-05	0.313769	6	5.0071e-14	4.7968e-09	0.83674	0.52297
chrX	9948416	9948670	1	0.125887	8	2.4889e-05	0.0080237	0.77335	0.64746
chrX	10158281	10158330	1	0.177000	5	1.6772e-05	0.00028079	0.52941	0.35241
chrX	10176957	10177030	1	-0.175051	5	3.889e-06	0.0007136	0.48024	0.65529
chrX	10589656	10589869	0.0056324	0.162982	11	1.2902e-10	6.6124e-07	0.89851	0.73553
chrX	10621702	10622027	1	0.107664	10	5.5325e-06	0.00043347	0.81185	0.70419
chrX	11139405	11139490	1	0.180903	5	8.4132e-07	0.00013737	0.82924	0.64834
chrX	11427570	11427598	1	0.107483	5	0.0027229	0.007505	0.19371	0.086224
chrX	11661380	11661472	0.021285	0.161665	6	4.7436e-07	2.4988e-06	0.59724	0.43558
chrX	12139008	12139048	1	0.108255	5	0.0027229	0.015435	0.25821	0.14996
chrX	12582866	12582929	1	-0.130213	5	4.3379e-05	0.001458	0.5681	0.69832
chrX	12906128	12906244	7.5556e-05	0.173802	7	6.8612e-13	8.8701e-09	0.9318	0.758
chrX	12906632	12906680	1	0.127622	5	8.5535e-06	0.0017585	0.89125	0.76363
chrX	12920335	12920455	3.3489e-08	0.298363	8	4.5297e-14	3.9315e-12	0.73029	0.43193
chrX	12956057	12956221	3.7879e-11	0.293878	12	4.0745e-14	4.4469e-15	0.49003	0.19616
chrX	12977472	12977674	1	0.188790	5	2.2476e-06	0.0020855	0.44445	0.25566
chrX	12978378	12978507	7.2243e-05	0.191470	8	5.2247e-13	8.4813e-09	0.2621	0.070633
chrX	13379287	13379344	1	0.100008	9	0.00050101	0.027576	0.85926	0.75926
chrX	13937434	13937504	1	-0.110745	5	0.028175	0.092098	0.37384	0.48458
chrX	13939040	13939120	0.5471	0.193801	5	1.7048e-07	6.4229e-05	0.33107	0.13727
chrX	13939207	13939299	1	0.121326	5	0.013929	0.084112	0.68402	0.56269
chrX	13941521	13941676	1	0.100819	6	0.0041748	0.049822	0.791	0.69018
chrX	14529049	14529090	1	-0.166983	5	1.8521e-06	0.00071336	0.20674	0.37372
chrX	15321700	15321763	1	0.135436	5	4.4303e-05	0.0010526	0.78168	0.64624
chrX	15384880	15385058	1	0.121333	5	0.00093095	0.0025981	0.81425	0.69292
chrX	15500532	15501005	5.3792e-26	0.208875	41	4.6962e-14	6.3151e-30	0.78841	0.57954
chrX	15602918	15603061	1	0.132844	5	0.0016377	0.025728	0.76797	0.63513
chrX	15738766	15738841	0.0017741	0.225952	7	1.3499e-09	2.0827e-07	0.48798	0.26203
chrX	15750099	15750160	2.073e-08	0.261972	8	3.9968e-14	2.4336e-12	0.50033	0.23835
chrX	16871560	16871590	1	0.148395	5	0.00017957	0.0089607	0.64006	0.49166
chrX	16946217	16946231	1	-0.175559	5	3.0688e-06	0.00083367	0.29744	0.47299
chrX	16948462	16948886	1	-0.160295	8	1.8535e-07	0.00015405	0.40818	0.56847
chrX	17634234	17634287	1	0.106346	10	1.4316e-05	0.0010564	0.745	0.63866
chrX	17655585	17655953	3.5711e-20	0.301880	25	3.908e-14	4.1924e-24	0.55116	0.24928
chrX	18355334	18355508	3.7156e-12	0.229363	21	4.1078e-14	4.3621e-16	0.58705	0.35769
chrX	18427988	18428101	1	0.166923	6	1.1063e-07	0.00017584	0.81898	0.65206
chrX	18689657	18689889	1	0.122522	7	2.2398e-05	0.0022345	0.86624	0.74371
chrX	18890094	18890170	0.92367	0.152972	5	1.5239e-06	0.00010844	0.84786	0.69489
chrX	19119674	19119859	0.00055441	0.217382	5	8.2956e-10	6.5087e-08	0.74279	0.52541
chrX	19340292	19340426	0.016509	-0.268079	5	7.7996e-10	1.9381e-06	0.36031	0.62839
chrX	19747738	19747836	2.7844e-08	0.297974	9	4.452e-14	3.2689e-12	0.69763	0.39965
chrX	19799744	19799813	1	0.118410	5	0.0011465	0.020776	0.52199	0.40358
chrX	19971728	19971817	0.038892	0.148280	5	1.1626e-06	4.5658e-06	0.76794	0.61966
chrX	20413048	20413211	0.00046695	0.321305	5	3.3943e-11	5.4819e-08	0.70949	0.38818
chrX	20972000	20972076	1	0.102342	6	2.2348e-06	0.00021943	0.93335	0.83101
chrX	21655786	21655917	1	0.135520	9	4.7778e-06	0.00038012	0.66509	0.52957
chrX	21758099	21758147	1	0.119223	5	0.00065327	0.010697	0.51073	0.3915
chrX	21838809	21838920	1	-0.109075	7	0.0015145	0.022429	0.48127	0.59034
chrX	21842853	21842997	1	-0.164424	5	3.0207e-05	0.0038516	0.49818	0.6626
chrX	21856675	21856757	0.00019581	0.131495	9	4.3543e-13	2.2988e-08	0.95643	0.82494
chrX	22272803	22272898	0.023166	0.128676	8	1.6803e-08	2.7197e-06	0.88949	0.76082
chrX	22274260	22274423	1	0.117427	5	0.0001727	0.006606	0.76355	0.64612
chrX	23781657	23781687	5.3974e-07	0.282697	6	5.0182e-14	6.3365e-11	0.40464	0.12195
chrX	23908774	23908864	1	0.105282	5	0.0095635	0.04475	0.72179	0.61651
chrX	24311327	24311507	1	0.126235	5	5.3504e-05	0.00026057	0.87641	0.75017
chrX	24313283	24313384	0.0095931	0.113589	5	1.2724e-07	1.1262e-06	0.96448	0.85089
chrX	24647595	24648083	1	0.158352	5	4.0766e-06	0.0006271	0.33503	0.17667
chrX	24672752	24673116	1.5503e-15	-0.242722	20	4.5852e-14	1.82e-19	0.31203	0.55475
chrX	25025500	25025598	1	0.103896	5	0.002997	0.0243	0.88241	0.77852
chrX	26138991	26139068	0.30629	0.112419	11	1.9907e-09	3.5958e-05	0.91692	0.80451
chrX	26192172	26192503	3.1454e-05	0.108147	28	4.2188e-14	3.6927e-09	0.8789	0.77075
chrX	27442479	27442577	1	0.107884	6	1.5731e-06	0.00016273	0.89029	0.7824
chrX	27748584	27748718	1	0.107187	6	0.00082228	0.0028138	0.84015	0.73296
chrX	27821896	27822008	1	0.130941	5	8.5535e-06	0.00063529	0.8117	0.68076
chrX	27864027	27864319	0.00036982	0.221593	7	7.6021e-10	4.3416e-08	0.56507	0.34348
chrX	28322634	28322825	0.7663	0.146543	6	8.6488e-08	8.9963e-05	0.91578	0.76924
chrX	28586104	28586193	2.7362e-06	0.190839	11	4.5963e-14	3.2122e-10	0.50605	0.31521
chrX	28587529	28587644	1	0.105044	5	0.0050841	0.027502	0.34371	0.23867
chrX	28659320	28659444	1	0.169244	8	2.0737e-08	0.00015853	0.74725	0.57801
chrX	29955776	29955938	1	0.117641	7	0.00013857	0.0036987	0.78351	0.66587
chrX	30215439	30215464	0.020844	0.124485	7	1.8431e-09	2.447e-06	0.93886	0.81437
chrX	30218900	30218974	1	0.207854	6	2.1127e-07	0.00094915	0.75083	0.54298
chrX	30234431	30234452	0.031604	0.195581	5	1.5288e-09	3.7102e-06	0.76555	0.56997
chrX	30241846	30242142	0.31216	0.154288	5	2.2778e-07	3.6647e-05	0.82022	0.66593
chrX	30974985	30975024	0.78635	0.124927	5	3.6373e-07	9.2317e-05	0.92999	0.80506
chrX	31069147	31069232	1	0.187655	6	1.4412e-07	0.00036844	0.80207	0.61441
chrX	31075548	31075647	1	0.101644	5	5.9371e-05	0.0016026	0.92151	0.81986
chrX	31265598	31265691	0.080242	-0.258096	5	4.189e-10	9.4203e-06	0.30978	0.56788
chrX	31508397	31508629	3.0259e-12	-0.260169	8	4.3299e-14	3.5523e-16	0.22529	0.48546
chrX	31871544	31871643	1	0.107963	5	8.5936e-05	0.0022562	0.71379	0.60583
chrX	32155397	32155444	0.016494	0.206044	5	1.2389e-07	1.9364e-06	0.65315	0.4471
chrX	32156915	32156987	3.3343e-10	-0.246416	8	4.3521e-14	3.9145e-14	0.3262	0.57261
chrX	34132361	34132397	0.18643	0.128520	7	2.6218e-05	2.1887e-05	0.806	0.67748
chrX	34386384	34386442	1	0.128608	5	1.0491e-05	0.0009604	0.85242	0.72381
chrX	34388163	34388304	0.00051025	0.111203	15	4.7247e-12	5.9903e-08	0.90484	0.79364
chrX	34943034	34943337	1	0.101991	7	7.6004e-06	0.0001986	0.93593	0.83394
chrX	37008221	37008533	5.0046e-11	0.135727	37	3.9968e-14	5.8753e-15	0.82036	0.68463
chrX	37505645	37505694	0.46655	0.181090	5	2.5255e-08	5.4772e-05	0.70574	0.52465
chrX	37542197	37542514	1	0.114292	5	0.021033	0.046784	0.72495	0.61066
chrX	37746743	37746809	2.1879e-05	0.273191	5	4.0043e-11	2.5686e-09	0.66703	0.39384
chrX	38128392	38128497	1	0.102968	7	0.00037602	0.0074	0.84175	0.73879
chrX	38352337	38352772	0.0060903	-0.218613	9	3.6282e-10	7.1499e-07	0.29368	0.5123
chrX	38355042	38355139	1	0.101714	7	0.00087271	0.024701	0.85389	0.75217
chrX	38806955	38807005	1	-0.147994	5	7.8038e-07	0.00019202	0.21712	0.36512
chrX	40006785	40007038	0.0090347	0.228255	9	5.1509e-10	1.0607e-06	0.56649	0.33823
chrX	40007504	40007827	1	0.109180	16	1.119e-06	0.00014858	0.77728	0.6681
chrX	40085093	40085211	0.0023551	-0.210677	10	2.296e-11	2.7649e-07	0.24296	0.45363
chrX	40091258	40091305	1	0.137597	5	0.002857	0.021584	0.65559	0.51799
chrX	40150610	40150790	1	0.146836	7	0.00048602	0.0080505	0.64688	0.50004
chrX	40174754	40174869	0.60409	0.217126	5	2.1941e-06	7.092e-05	0.38563	0.16851
chrX	40178164	40178332	0.00096405	0.174399	12	9.398e-13	1.1318e-07	0.78847	0.61407
chrX	40179572	40179668	1	0.178596	5	1.6002e-06	0.00030236	0.77344	0.59484
chrX	40205710	40205724	1	0.166900	5	0.00061898	0.0049687	0.68911	0.52221
chrX	40245077	40245315	1.1063e-06	0.231769	12	4.1411e-14	1.2987e-10	0.5383	0.30653
chrX	40263117	40263163	1	0.122497	5	0.00061898	0.018603	0.60194	0.47944
chrX	41688986	41689103	4.473e-09	0.319334	7	4.5297e-14	5.2513e-13	0.68204	0.36271
chrX	43882053	43882104	1	-0.129333	5	0.00075352	0.0068801	0.26451	0.39384
chrX	43973878	43974003	1	0.100955	5	0.00043787	0.0019398	0.30016	0.1992
chrX	44306475	44306623	1	-0.203028	5	4.8037e-06	0.00097125	0.32646	0.52949
chrX	44310303	44310417	1	0.113012	14	2.2714e-05	0.0079797	0.885	0.77199
chrX	44343902	44344067	1.0432e-13	0.272325	9	4.1855e-14	1.2247e-17	0.45172	0.17939
chrX	44344376	44344980	3.9757e-14	0.296682	14	4.3854e-14	4.6674e-18	0.51381	0.21713
chrX	45200867	45201299	4.0006e-18	0.313727	15	3.797e-14	4.6967e-22	0.65273	0.339
chrX	45381750	45381899	1	0.106363	5	5.5244e-06	0.00022646	0.93207	0.82571
chrX	45747918	45748033	1	0.117972	5	0.0002446	0.0049386	0.76277	0.6448
chrX	46757333	46757458	6.2258e-06	0.283338	9	4.0856e-14	7.309e-10	0.83995	0.55661
chrX	46758055	46758090	2.4509e-05	0.307067	5	1.3985e-12	2.8773e-09	0.70666	0.39959
chrX	47575077	47575215	1	-0.105560	6	0.082578	0.02895	0.65298	0.75854
chrX	47630071	47630253	2.802e-05	0.324640	5	5.9619e-14	3.2896e-09	0.65546	0.33082
chrX	47637895	47637994	1	0.171196	7	2.33e-05	0.00048911	0.59846	0.42726
chrX	47839839	47839899	0.0012696	-0.240730	7	5.2869e-13	1.4904e-07	0.44926	0.68999
chrX	47975789	47975840	0.38175	0.129944	5	6.3022e-08	4.4817e-05	0.95555	0.82561
chrX	48654920	48655018	0.051776	-0.108111	13	3.9459e-07	6.0784e-06	0.25165	0.35976
chrX	48655018	48655149	1.7467e-05	-0.259628	8	9.8033e-14	2.0506e-09	0.24235	0.50198
chrX	48683416	48683826	4.3246e-05	0.279590	7	2.075e-13	5.0771e-09	0.62567	0.34608
chrX	48827708	48827791	0.0034897	0.261207	5	1.7833e-10	4.0969e-07	0.72991	0.46871
chrX	48835949	48836049	1	-0.127584	11	1.1334e-06	0.00098659	0.36626	0.49384
chrX	48912111	48912372	1	-0.112297	5	0.014313	0.077224	0.1303	0.2426
chrX	49234115	49234193	1	-0.131952	5	0.0013374	0.0085242	0.64366	0.77561
chrX	49668196	49668431	1	0.110722	5	0.00068931	0.0021566	0.80519	0.69447
chrX	49875117	49875173	1	0.134376	5	0.00065327	0.003669	0.7759	0.64153
chrX	49923643	49923769	0.027678	-0.178200	8	6.3278e-10	3.2493e-06	0.27821	0.45641
chrX	50003186	50003631	1	0.103337	6	2.0641e-05	0.0014771	0.90602	0.80269
chrX	50014330	50014574	1	0.180337	5	4.9211e-05	0.0029477	0.79488	0.61454
chrX	50067431	50067704	0.0015674	-0.156518	12	1.3434e-13	1.8401e-07	0.25992	0.41644
chrX	50814706	50814896	0.075074	-0.205179	6	5.305e-09	8.8136e-06	0.2833	0.48848
chrX	50910525	50911046	0.45699	0.100158	17	5.1682e-09	5.365e-05	0.8845	0.78434
chrX	51332421	51332479	0.55241	0.146426	11	7.1798e-09	6.4853e-05	0.33141	0.18498
chrX	51395616	51395702	1	0.113367	8	0.00024859	0.016986	0.32453	0.21117
chrX	51744412	51744706	1	0.134355	6	0.006395	0.0039102	0.68508	0.55073
chrX	51892305	51892326	1	-0.195721	6	1.7262e-06	0.0006247	0.45341	0.64913
chrX	52260516	52260553	1	0.147421	5	9.5109e-05	0.0010231	0.53767	0.39025
chrX	52623154	52623176	1	0.104165	5	1.5013e-05	0.00014393	0.88825	0.78408
chrX	52811898	52812112	2.6745e-06	0.112356	13	1.42e-13	3.1399e-10	0.88379	0.77143
chrX	53000529	53000606	0.048442	0.175385	12	4.5298e-09	5.687e-06	0.47054	0.29515
chrX	53022057	53022143	1	-0.145996	5	0.00093095	0.024133	0.39222	0.53822
chrX	53226020	53226100	4.6484e-05	-0.263273	6	3.2189e-12	5.4572e-09	0.43753	0.70081
chrX	54042665	54042733	0.11764	-0.156025	6	7.5366e-07	1.381e-05	0.076745	0.23277
chrX	54359153	54359229	1	0.109839	5	0.0026367	0.041805	0.30746	0.19762
chrX	54799454	54799495	1	0.108475	5	6.0611e-06	0.00029098	0.88539	0.77691
chrX	54995128	54995409	0.26398	0.189119	6	1.1758e-08	3.0991e-05	0.75682	0.5677
chrX	54997830	54997986	1	0.121083	5	0.00023541	0.011961	0.86869	0.74761
chrX	55074819	55074996	0.00071824	0.111532	15	1.2808e-12	8.432e-08	0.87357	0.76204
chrX	55088913	55088937	1	0.106049	5	6.0615e-05	0.010349	0.89866	0.79261
chrX	55220219	55220301	1	0.207125	5	0.0001391	0.0042947	0.678	0.47087
chrX	56994910	56995016	1	-0.170548	5	0.00013637	0.01007	0.25889	0.42944
chrX	57591036	57591212	1	-0.154889	5	5.3416e-07	0.00069454	0.26763	0.42251
chrX	57593481	57593631	0.14223	-0.179640	12	1.0366e-09	1.6698e-05	0.49155	0.67119
chrX	57908889	57908989	0.21279	-0.203585	7	5.5154e-06	2.4981e-05	0.47251	0.67609
chrX	63561755	63561811	0.57048	-0.105356	8	6.3915e-05	6.6974e-05	0.14504	0.2504
chrX	64204207	64204332	5.495e-06	-0.338246	6	4.7629e-14	6.4511e-10	0.25674	0.59499
chrX	65034359	65034530	1	-0.107029	6	0.00027718	0.0010349	0.10808	0.21511
chrX	65488785	65489046	0.040421	0.116679	12	1.3144e-08	4.7454e-06	0.84722	0.73054
chrX	65667942	65667969	1	0.147792	6	0.00029364	0.0046403	0.28475	0.13696
chrX	66018665	66018895	0.0060742	0.262564	5	2.3008e-10	7.1311e-07	0.79167	0.52911
chrX	66162686	66163529	1	-0.143665	7	2.4556e-05	0.0024194	0.36592	0.50958
chrX	66164185	66164529	0.0004941	-0.259007	8	6.487e-13	5.8007e-08	0.28891	0.54792
chrX	66225614	66225795	0.058086	0.161716	8	5.3433e-10	6.8192e-06	0.87283	0.71111
chrX	67408584	67408700	1	0.119568	5	3.0207e-05	0.00027037	0.87645	0.75688
chrX	67409747	67409866	1	0.138897	5	2.2311e-05	0.00039283	0.88153	0.74264
chrX	67543251	67543299	1	-0.153042	5	0.00018311	0.017067	0.44883	0.60187
chrX	67543493	67543605	7.5165e-08	-0.239894	9	4.1966e-14	8.8242e-12	0.38878	0.62867
chrX	68647288	68647517	0.00010333	-0.204008	13	7.6372e-13	1.2131e-08	0.37982	0.58383
chrX	68783441	68783522	1	0.125295	5	6.2201e-07	0.0002662	0.89384	0.76854
chrX	69860929	69860970	0.122	0.106410	5	1.3069e-07	1.4323e-05	0.93666	0.83025
chrX	70042175	70042246	1	0.142804	5	7.8068e-06	0.0015504	0.87952	0.73671
chrX	70049941	70050238	1	0.126638	6	0.0036653	0.024876	0.71536	0.58872
chrX	70435184	70435358	1	0.165585	7	4.5644e-05	0.001421	0.46356	0.29798
chrX	71052881	71053665	6.0647e-37	0.209904	52	4.4964e-14	7.1199e-41	0.72493	0.51502
chrX	71492434	71492503	1	0.121419	5	5.2399e-05	0.00022346	0.19044	0.069021
chrX	71606817	71607055	0.56799	0.242535	6	1.384e-07	6.6681e-05	0.64762	0.40509
chrX	71619341	71619469	0.0066002	0.158036	11	2.6387e-10	7.7486e-07	0.73257	0.57454
chrX	72018970	72019063	1	-0.157374	9	6.6722e-05	0.0018197	0.39894	0.55631
chrX	72143270	72143419	1	0.102686	8	0.0036071	0.024303	0.55017	0.44749
chrX	72143469	72144252	0.0067617	0.180222	9	2.0368e-10	7.9382e-07	0.7109	0.53068
chrX	73127439	73127612	1	0.118213	6	6.916e-06	0.0011398	0.89912	0.78091
chrX	73128175	73128531	1	0.115104	18	7.3125e-07	0.00095907	0.66658	0.55147
chrX	73446566	73446743	1	0.152693	7	1.6953e-05	0.00063907	0.70529	0.5526
chrX	73447193	73447586	1.4068e-06	0.156878	35	4.5075e-14	1.6516e-10	0.52948	0.3726
chrX	73448615	73448671	1	0.134189	5	0.0014073	0.01526	0.38439	0.2502
chrX	74485656	74485794	0.42556	0.138675	5	3.3747e-06	4.996e-05	0.91976	0.78109
chrX	74924073	74924143	1	0.114787	12	1.211e-05	0.00036478	0.29829	0.18351
chrX	77453389	77453943	0.15063	0.140295	5	5.4792e-07	1.7683e-05	0.87419	0.7339
chrX	78658556	78658793	3.1571e-14	0.230340	11	4.5741e-14	3.7064e-18	0.8135	0.58316
chrX	79144614	79144678	0.2856	0.167884	5	2.9569e-07	3.3529e-05	0.30716	0.13928
chrX	79367386	79367538	0.015488	0.172030	6	2.5064e-08	1.8183e-06	0.30521	0.13318
chrX	79530681	79530885	1	0.114061	9	3.3948e-06	0.0032326	0.88861	0.77455
chrX	80013617	80013688	1	0.120359	5	0.0012492	0.018996	0.74614	0.62578
chrX	80335304	80335570	1	0.100668	18	4.7627e-06	0.00022003	0.38886	0.28819
chrX	84855709	84855814	0.0045079	0.157284	7	3.5034e-08	5.2921e-07	0.85479	0.69751
chrX	84856736	84856907	0.18407	0.122933	9	4.1146e-09	2.1609e-05	0.93236	0.80943
chrX	84934623	84934747	1	0.110275	6	1.2447e-05	0.00091189	0.89991	0.78964
chrX	85248721	85248902	1	-0.145544	5	0.00096404	0.0013821	0.52513	0.67068
chrX	85379239	85379812	0.0021643	-0.125832	20	2.0206e-13	2.5409e-07	0.27485	0.40068
chrX	86048422	86048481	0.029582	0.143258	5	3.0727e-08	3.4729e-06	0.89431	0.75105
chrX	87517360	87517475	1	0.107328	5	0.00046272	0.0053681	0.37773	0.2704
chrX	88863713	88863759	1	0.100419	5	0.00059706	0.001632	0.82843	0.72801
chrX	89734359	89734497	0.17677	0.167969	5	7.237e-07	2.0753e-05	0.85772	0.68975
chrX	89921658	89922069	3.7349e-05	0.133927	18	4.1411e-14	4.3847e-09	0.81962	0.68569
chrX	89922683	89922772	0.023359	0.122980	8	3.1055e-10	2.7423e-06	0.90179	0.77881
chrX	90765756	90765832	0.62316	0.145874	5	1.3785e-07	7.3158e-05	0.92661	0.78073
chrX	90915046	90915106	1	0.120494	5	0.00076701	0.0029636	0.83603	0.71554
chrX	91434779	91435192	6.3194e-28	0.147944	61	4.2299e-14	7.4189e-32	0.31995	0.17201
chrX	91779020	91779051	0.69542	0.140547	5	0.00019037	8.1641e-05	0.2034	0.062853
chrX	91779380	91779407	1	0.111564	5	1.0975e-05	0.00034655	0.14938	0.037818
chrX	92698712	92698832	1	0.111804	5	0.00015353	0.001382	0.90299	0.79118
chrX	93149393	93149492	0.044394	0.117879	5	3.4349e-05	5.2118e-06	0.86953	0.75165
chrX	93235576	93235607	0.0014007	0.159935	5	8.5388e-09	1.6444e-07	0.91272	0.75278
chrX	99939370	99939572	0.00027023	0.123328	25	4.5569e-12	3.1725e-08	0.59256	0.46924
chrX	99939572	99940015	0.00018294	0.180303	18	4.563e-14	2.1477e-08	0.61518	0.43488
chrX	99940047	99940188	0.0011537	0.125175	19	4.6382e-12	1.3544e-07	0.64778	0.52261
chrX	100408288	100408414	1	0.111142	10	1.6622e-05	0.00053657	0.34549	0.23434
chrX	100411969	100412091	1	0.105062	10	6.497e-05	0.00041344	0.26432	0.15926
chrX	100412135	100412201	1	0.149335	5	0.00013107	0.0054806	0.29707	0.14774
chrX	100593989	100594036	1	0.114740	6	0.00040752	0.013596	0.75783	0.64309
chrX	100644347	100644410	1	-0.128675	10	3.8084e-05	0.0075089	0.42456	0.55323
chrX	101219553	101220136	0.78216	0.127280	15	6.3482e-09	9.1824e-05	0.71853	0.59125
chrX	101385461	101385809	1	0.199536	7	2.558e-07	0.00022985	0.67528	0.47574
chrX	101485494	101485524	1	0.135795	5	0.0050841	0.0080646	0.19946	0.063665
chrX	102140414	102140474	1	-0.112982	5	0.00015353	0.012902	0.63151	0.74449
chrX	102652531	102652710	1	0.102392	8	0.00059018	0.012561	0.36931	0.26692
chrX	103092997	103093112	1	0.170725	5	5.6541e-06	0.0013747	0.71735	0.54662
chrX	103096768	103097054	1	0.109241	6	5.7422e-05	0.0016535	0.84696	0.73772
chrX	103311047	103311562	1	-0.118760	5	0.016378	0.011515	0.27425	0.39301
chrX	103330024	103330429	0.033979	0.106671	21	2.8602e-10	3.989e-06	0.58322	0.47654
chrX	103500597	103501425	0.0047483	0.107013	24	3.3851e-13	5.5744e-07	0.90487	0.79785
chrX	103554796	103555068	4.8602e-17	0.155957	20	5.0404e-14	5.7058e-21	0.25775	0.10179
chrX	103776446	103776638	0.13355	0.165351	5	4.5326e-08	1.5679e-05	0.81616	0.65081
chrX	103825645	103825720	1	0.135408	7	5.2877e-06	0.00033541	0.84839	0.71298
chrX	104039912	104040100	1	0.100617	5	8.172e-06	0.0028334	0.93825	0.83764
chrX	104565084	104565244	0.32445	0.117839	14	3.5749e-08	3.809e-05	0.31076	0.19293
chrX	104566954	104567003	1	0.118212	8	9.1578e-06	0.00025581	0.26596	0.14775
chrX	105646934	105647058	1	0.109644	5	0.001999	0.056683	0.83358	0.72394
chrX	105819992	105820211	1	0.142890	5	1.9442e-06	0.00083324	0.78405	0.64116
chrX	105821718	105821735	1	-0.136408	10	1.5057e-06	0.00053392	0.19501	0.33141
chrX	106177569	106177633	1.0279e-05	0.257579	5	8.0206e-12	1.2068e-09	0.59929	0.34171
chrX	106207061	106207084	0.43598	0.129226	6	1.101e-08	5.1184e-05	0.93282	0.8036
chrX	106551412	106551504	0.12542	0.116840	8	3.9243e-06	1.4724e-05	0.86959	0.75275
chrX	106692655	106693005	1	-0.150046	7	5.0691e-06	0.00083914	0.36469	0.51473
chrX	106726688	106726703	1	-0.104698	5	0.0090331	0.020473	0.049795	0.15449
chrX	106904241	106904355	1	0.107123	6	0.00021958	0.016802	0.73273	0.62561
chrX	106985098	106985227	0.0087444	0.112550	7	4.1666e-10	1.0266e-06	0.93962	0.82707
chrX	107000416	107000676	1	-0.133628	5	0.0091631	0.05836	0.41411	0.54774
chrX	107272648	107272659	1	0.130222	5	3.0207e-05	0.0017505	0.2458	0.11557
chrX	107273012	107273137	1	0.131824	11	3.412e-05	0.0040878	0.45608	0.32425
chrX	107772953	107773018	1	0.104309	5	7.449e-05	0.00029683	0.90759	0.80328
chrX	108044980	108045056	1	-0.139719	7	5.7445e-07	0.00057395	0.62868	0.7684
chrX	108270883	108271028	3.9701e-07	0.296855	7	4.5075e-14	4.6608e-11	0.45716	0.16031
chrX	108734143	108734354	0.47674	0.155515	6	2.0641e-05	5.5968e-05	0.77266	0.61715
chrX	109481786	109481907	1	-0.145636	5	0.020762	0.064233	0.47949	0.62513
chrX	109876127	109876179	1	0.110490	5	8.7701e-05	0.00026759	0.96414	0.85365
chrX	110418884	110419110	1	-0.159169	10	1.4179e-07	0.00049054	0.26249	0.42166
chrX	110943664	110944006	1	0.116687	6	3.7277e-05	0.0011668	0.77463	0.65794
chrX	111246363	111246694	0.59166	0.104437	7	1.4186e-07	6.946e-05	0.90058	0.79614
chrX	111411330	111411602	1	0.130423	5	0.00080884	0.028336	0.51253	0.3821
chrX	112081810	112081980	4.1932e-06	0.115001	27	4.5297e-14	4.9227e-10	0.34722	0.23222
chrX	112822961	112823280	1	0.125988	5	0.00093095	0.018314	0.84547	0.71948
chrX	112824477	112824626	1	0.124292	8	4.0169e-06	0.00013109	0.82303	0.69874
chrX	112855031	112855119	0.73397	0.106729	5	5.9371e-05	8.6167e-05	0.97524	0.86851
chrX	113547036	113547113	1	0.143597	5	2.1417e-06	0.00014264	0.90806	0.76446
chrX	113897241	113897399	0.56762	0.106377	9	5.801e-08	6.6637e-05	0.90219	0.79582
chrX	114389603	114389770	1	0.107886	9	1.3648e-06	0.0007141	0.8678	0.75991
chrX	114390687	114390953	0.031491	0.101030	15	2.5181e-09	3.697e-06	0.87688	0.77585
chrX	114584094	114584217	0.72994	0.138260	12	4.3532e-09	8.5694e-05	0.30976	0.1715
chrX	114906764	114906806	1	0.129474	7	4.7417e-05	0.01105	0.86395	0.73448
chrX	115311623	115311837	0.0070313	0.247927	7	7.1865e-11	8.2546e-07	0.63555	0.38763
chrX	115559937	115560387	0.0129	-0.173416	11	3.6893e-11	1.5144e-06	0.32344	0.49686
chrX	115592679	115592948	1	-0.128712	7	6.1781e-05	0.00033877	0.41481	0.54352
chrX	115615068	115615163	1	0.147205	6	2.1542e-06	0.00053449	0.59105	0.44384
chrX	116436324	116436729	1	-0.105392	13	1.3564e-05	0.0059967	0.26319	0.36858
chrX	116462867	116462934	1	0.120881	5	0.0024718	0.0423	0.82637	0.70549
chrX	116463081	116463102	1	0.118523	5	0.0001031	0.0035926	0.89905	0.78053
chrX	116463583	116463809	1	0.130403	5	1.3734e-05	0.00025665	0.87828	0.74788
chrX	117394784	117394837	0.52664	0.141652	6	1.102e-06	6.1827e-05	0.90317	0.76152
chrX	118350226	118350395	1	0.126174	5	0.0041665	0.012932	0.49073	0.36456
chrX	118825263	118825344	1	0.109852	5	0.020762	0.16148	0.41463	0.30478
chrX	119027536	119027683	1	0.153097	5	5.7868e-06	0.00029096	0.77529	0.62219
chrX	119150729	119151064	1.3485e-10	0.179031	24	4.0856e-14	1.5831e-14	0.74269	0.56366
chrX	119151096	119151435	1	0.118153	9	0.00039236	0.042844	0.73406	0.6159
chrX	119273632	119273647	1	0.150588	5	0.00010105	0.0020661	0.22937	0.078781
chrX	119398448	119398490	1	-0.124789	5	0.00020572	0.015502	0.54846	0.67325
chrX	119466973	119467263	1	-0.101003	5	0.00080884	0.0027705	0.68299	0.78399
chrX	119617956	119618032	5.1863e-10	0.322351	8	4.341e-14	6.0886e-14	0.58228	0.25993
chrX	119690977	119691343	4.051e-07	0.343536	7	4.452e-14	4.7558e-11	0.63785	0.29432
chrX	119787415	119787573	1	-0.134559	5	1.7217e-06	0.00016808	0.42164	0.5562
chrX	119956099	119956453	6.3113e-13	0.284632	14	4.1189e-14	7.4093e-17	0.62291	0.33827
chrX	120575534	120575663	1	0.107735	5	0.0012926	0.029244	0.87572	0.76799
chrX	120735411	120735539	1	0.122589	6	3.3964e-06	0.00044666	0.85197	0.72938
chrX	122388177	122388340	1	0.108024	7	7.6335e-05	0.0012441	0.84769	0.73967
chrX	123183779	123183847	0.25017	0.135530	9	4.8833e-09	2.937e-05	0.28713	0.1516
chrX	123490144	123490281	1	0.102202	5	0.0021001	0.0035882	0.83482	0.73262
chrX	123514364	123514432	8.106e-09	-0.225667	15	4.3965e-14	9.5163e-13	0.3772	0.60287
chrX	124216870	124217017	1	0.114465	5	0.013008	0.0741	0.67906	0.5646
chrX	124333345	124333415	1	0.106881	7	4.4639e-06	0.0004117	0.90094	0.79406
chrX	124345972	124346455	0.2232	0.193775	11	7.7725e-11	2.6203e-05	0.65012	0.45634
chrX	125320461	125320534	0.34463	0.115467	5	6.71e-07	4.0459e-05	0.95932	0.84386
chrX	126552997	126553266	1	0.115865	12	5.7048e-05	0.0087868	0.68367	0.56781
chrX	129590257	129590312	0.028947	0.145152	5	1.2421e-08	3.3983e-06	0.91467	0.76952
chrX	129737952	129738178	1	0.158916	5	1.8976e-06	0.0015928	0.63243	0.47351
chrX	129769468	129769576	1	0.155771	5	0.00098099	0.010878	0.35845	0.20268
chrX	129779589	129780012	7.1826e-41	0.345383	25	4.5297e-14	8.4322e-45	0.68635	0.34096
chrX	130173356	130173542	8.8001e-05	0.262280	8	4.452e-14	1.0331e-08	0.50313	0.24085
chrX	130524069	130524094	0.017263	0.102311	9	1.5577e-06	2.0266e-06	0.26263	0.16032
chrX	131544358	131544465	1	0.133354	8	4.2266e-05	0.0025777	0.74134	0.60798
chrX	131795768	131796476	1	0.107726	14	0.00021713	0.0054301	0.84602	0.73829
chrX	131830638	131831168	6.5914e-07	0.209512	21	4.019e-14	7.7382e-11	0.47757	0.26806
chrX	131850982	131851156	5.1795e-05	0.180053	8	2.7101e-13	6.0806e-09	0.86036	0.68031
chrX	132439462	132439703	0.13358	0.110081	9	1.9847e-06	1.5682e-05	0.86352	0.75344
chrX	132628184	132628256	1	0.109297	6	4.8986e-05	0.00034745	0.90098	0.79168
chrX	132960948	132961402	1	0.100519	10	9.3869e-06	0.0015467	0.81702	0.7165
chrX	132961721	132962122	1	0.111991	10	1.3685e-06	0.00042131	0.81716	0.70517
chrX	133044418	133044578	0.00027782	0.103296	14	3.0013e-11	3.2616e-08	0.92109	0.8178
chrX	133044581	133044701	0.0044035	0.180247	8	1.0626e-09	5.1697e-07	0.89649	0.71624
chrX	133984009	133984496	2.2212e-14	0.207428	47	3.8858e-14	2.6077e-18	0.56446	0.35703
chrX	134171736	134171769	1	0.164887	5	7.4572e-06	0.00058071	0.24895	0.08406
chrX	134237658	134238032	1	-0.114485	5	0.025484	0.23766	0.45383	0.56831
chrX	134546228	134546711	1.333e-12	-0.281520	21	4.9405e-14	1.5649e-16	0.38438	0.6659
chrX	134546729	134546965	1	-0.153720	7	6.9988e-05	0.016523	0.54015	0.69387
chrX	134554442	134554492	0.00053466	0.262734	5	1.425e-11	6.2768e-08	0.6671	0.40437
chrX	135022521	135022572	1	-0.106669	5	0.14815	0.071065	0.11119	0.21786
chrX	135051239	135051292	1	-0.115117	5	0.0012071	0.059008	0.46699	0.58211
chrX	135066085	135066444	1	0.124074	5	0.013554	0.086326	0.53429	0.41022
chrX	135168204	135168432	1	-0.146407	5	0.00070173	0.016146	0.40007	0.54648
chrX	135206679	135206733	1	0.119032	6	0.00077918	0.0019763	0.54256	0.42353
chrX	135295672	135296078	9.3706e-30	0.284896	38	4.3299e-14	1.1001e-33	0.55166	0.26676
chrX	135596753	135596905	0.035227	0.218300	6	1.914e-09	4.1356e-06	0.64235	0.42405
chrX	135889148	135889319	1	0.107121	13	0.00014902	0.0076028	0.65317	0.54604
chrX	135890160	135890255	0.0028939	0.244152	7	4.4342e-13	3.3974e-07	0.75226	0.50811
chrX	136148470	136148726	1	0.101091	20	4.9554e-07	0.00014915	0.50448	0.40339
chrX	136210406	136210439	0.11084	0.229008	5	6.5722e-09	1.3012e-05	0.65893	0.42992
chrX	136550787	136550945	1	0.143423	5	4.6208e-05	0.00016075	0.76978	0.62635
chrX	136647813	136648287	1.9274e-06	0.160768	17	4.4631e-14	2.2627e-10	0.83986	0.67909
chrX	136780780	136780861	1	0.105552	5	0.0017508	0.019914	0.24875	0.1432
chrX	136781566	136781608	1	0.132125	5	3.5845e-05	0.0038138	0.44307	0.31094
chrX	136983607	136983706	1	0.108104	5	0.00029585	0.016421	0.85409	0.74598
chrX	137428671	137428749	1	0.113284	11	2.194e-06	0.0027571	0.29569	0.18241
chrX	137545776	137545815	1	0.174030	7	6.0148e-07	0.00028254	0.41799	0.24396
chrX	137547633	137548113	0.033218	0.108639	25	1.0081e-11	3.8998e-06	0.30824	0.1996
chrX	137574827	137575393	0.0018873	0.128397	25	5.9868e-12	2.2157e-07	0.41373	0.28533
chrX	137575435	137575601	0.0005018	0.193768	7	1.0455e-11	5.8911e-08	0.52332	0.32955
chrX	138618586	138618681	1	0.125882	6	0.00018398	0.006954	0.74609	0.6202
chrX	139320920	139321091	0.13612	0.136591	6	7.0343e-08	1.598e-05	0.90988	0.77329
chrX	139555528	139555585	0.037289	0.172956	7	4.153e-09	4.3776e-06	0.84991	0.67696
chrX	139563260	139563415	1	0.103211	5	0.0015573	0.014565	0.79345	0.69024
chrX	140511181	140511279	0.36779	0.109799	13	6.5568e-06	4.3178e-05	0.27991	0.17011
chrX	140511285	140511417	1.0361e-12	0.166998	30	3.9524e-14	1.2163e-16	0.37946	0.21246
chrX	141668494	141668541	1	0.117776	7	9.409e-05	0.011999	0.72945	0.61167
chrX	142972325	142972428	1	0.148278	5	0.00071436	0.034253	0.80458	0.6563
chrX	143029369	143029543	1	0.105450	5	0.0017219	0.052001	0.8574	0.75195
chrX	143228917	143229006	0.071315	0.166369	5	2.4765e-09	8.3722e-06	0.94893	0.78256
chrX	143630492	143630577	1	-0.147637	5	0.00071436	0.0016732	0.5003	0.64793
chrX	143712280	143712396	1	0.154248	5	1.4044e-05	0.010487	0.78885	0.6346
chrX	145817550	145817645	1	0.106988	8	0.00043018	0.0066567	0.24459	0.1376
chrX	145820288	145820545	0.19439	0.187176	5	3.9878e-09	2.2821e-05	0.72455	0.53737
chrX	145858264	145858541	1	0.126276	8	1.2244e-05	0.00055545	0.85296	0.72669
chrX	145994247	145994645	1	0.150931	5	3.5384e-06	0.00021878	0.71874	0.56781
chrX	145996641	145996772	0.8391	0.125061	5	2.0406e-06	9.8509e-05	0.88126	0.7562
chrX	146619780	146619911	1	0.129425	8	0.0001069	0.0031958	0.79159	0.66217
chrX	146620192	146620262	1	0.113393	5	0.00016285	0.0031365	0.90896	0.79557
chrX	146865848	146866020	1	0.139759	8	7.8365e-08	0.00011782	0.86903	0.72927
chrX	146867071	146867152	1	0.183902	5	1.252e-06	0.00012225	0.93433	0.75043
chrX	147773257	147773352	0.047992	0.151793	5	9.5865e-09	5.6342e-06	0.90545	0.75366
chrX	147896314	147896527	4.6595e-10	0.281166	11	4.3188e-14	5.4702e-14	0.63257	0.3514
chrX	149880028	149880106	1	0.122928	5	0.00020572	0.0076733	0.7059	0.58297
chrX	150226723	150226822	1	0.124735	5	1.4044e-05	0.00052622	0.87314	0.74841
chrX	150227701	150228110	0.42138	0.120015	15	1.0105e-07	4.9469e-05	0.81613	0.69612
chrX	150572840	150572861	0.24927	-0.134315	6	7.8154e-06	2.9264e-05	0.43638	0.57069
chrX	151226775	151227105	0.066515	0.127840	11	3.6157e-09	7.8087e-06	0.84078	0.71294
chrX	151393181	151393298	1	0.103535	8	0.000129	0.0022406	0.77967	0.67614
chrX	151715859	151716274	0.5784	0.167466	5	1.2559e-05	6.7903e-05	0.74078	0.57332
chrX	151974009	151974104	1	-0.142497	5	0.00094736	0.022908	0.19021	0.33271
chrX	152392785	152393113	1	0.152644	8	6.9907e-07	0.00015244	0.81094	0.6583
chrX	152736946	152736995	1	0.142281	5	0.00029031	0.0064059	0.81552	0.67324
chrX	152827456	152827555	1	0.116106	8	4.6714e-06	0.0011302	0.79483	0.67872
chrX	152941196	152941264	1	0.162278	6	0.00022611	0.0033094	0.74806	0.58579
chrX	152958848	152958911	0.00061285	0.159927	7	5.7199e-09	7.1948e-08	0.22373	0.063801
chrX	153662180	153662278	1	0.100177	10	0.00014479	0.033724	0.30932	0.20915
chrX	153686871	153686924	1	-0.193932	5	0.00013107	0.010219	0.27833	0.47226
chrX	153887073	153887146	1	-0.171698	5	3.6616e-05	0.0059119	0.21037	0.38207
chrX	154096160	154096227	1	0.165473	7	1.6728e-05	0.00069003	0.58908	0.4236
chrX	154137040	154137066	0.55071	0.128504	11	1.0266e-06	6.4653e-05	0.26637	0.13787
chrX	154295145	154295200	1	0.133192	5	5.3504e-05	0.0083444	0.88207	0.74888
chrX	154751428	154751442	1	0.144803	5	0.0010886	0.018988	0.45834	0.31354
chrX	155067139	155067290	1	0.103829	5	0.0072702	0.067318	0.80812	0.70429
