"seqnames"	"start"	"end"	"width"	"strand"	"L"	"area"	"beta"	"stat"	"pval"	"qval"	"index.start"	"index.end"	"index.width"	"rawDiff"	"Comp"	"Class"
"1"	"chr21"	38498473	38498860	388	"*"	18	6.87807826849781	-0.762373941530799	-31.4000891516313	0.00342465753424658	0.0278463956883	17006	17023	18	-0.361087439245668	"UC-N"	"hypo"
"2"	"chr21"	19494402	19494907	506	"*"	32	11.2906545951818	-0.765704222500343	-30.3310141837807	0.00342465753424658	0.0278463956883	3183	3214	32	-0.351875518050343	"UC-N"	"hypo"
"3"	"chr21"	41761467	41763413	1947	"*"	53	16.4878869271697	-0.678324945540381	-26.6270070264088	0.00342465753424658	0.0278463956883	20098	20150	53	-0.294905405523869	"UC-N"	"hypo"
"4"	"chr21"	31655042	31655415	374	"*"	33	11.0555582738882	-0.76766273838553	-26.6157881919018	0.00342465753424658	0.0278463956883	7840	7872	33	-0.363115197021989	"UC-N"	"hypo"
"5"	"chr21"	43916708	43916940	233	"*"	24	9.32056358811947	-0.840894080542279	-23.6763480022952	0.00342465753424658	0.0278463956883	24813	24836	24	-0.369453747327911	"UC-N"	"hypo"
"6"	"chr21"	34669007	34669402	396	"*"	60	19.7207061519686	-0.816089336504312	-23.42269302787	0.00342465753424658	0.0278463956883	12436	12495	60	-0.327900340271625	"UC-N"	"hypo"
"7"	"chr21"	46606034	46606539	506	"*"	14	4.13251993174294	-0.748206832202754	-22.081488267548	0.00342465753424658	0.0278463956883	32935	32948	14	-0.32706669481939	"UC-N"	"hypo"
"8"	"chr21"	33383292	33383591	300	"*"	22	6.07018878371084	-0.687789742045249	-21.6102023755346	0.00342465753424658	0.0278463956883	10748	10769	22	-0.252081989897141	"UC-N"	"hypo"
"9"	"chr21"	14541929	14542154	226	"*"	8	3.12814979936417	-0.83261853153706	-19.9079736283172	0.00342465753424658	0.0278463956883	2088	2095	8	-0.390470224541159	"UC-N"	"hypo"
"10"	"chr21"	17454767	17454904	138	"*"	21	4.62062406428512	-0.667465641781935	-18.8013354134663	0.00342465753424658	0.0278463956883	2385	2405	21	-0.236698989685715	"UC-N"	"hypo"
"11"	"chr21"	35049136	35049561	426	"*"	14	4.95485830468051	-0.774740450049277	-18.5915563916074	0.00342465753424658	0.0278463956883	13045	13058	14	-0.339361102175411	"UC-N"	"hypo"
"12"	"chr21"	43728525	43729310	786	"*"	48	15.2458112246383	-0.801448384860962	-17.9443435474257	0.00342465753424658	0.0278463956883	24253	24300	48	-0.303140091701201	"UC-N"	"hypo"
"13"	"chr21"	42590945	42591156	212	"*"	17	5.84633789293147	-0.796986738089986	-17.2575018076006	0.00342465753424658	0.0278463956883	22682	22698	17	-0.341220601473518	"UC-N"	"hypo"
"14"	"chr21"	35047181	35047864	684	"*"	17	3.55101090341788	-0.66067469915199	-16.1276259545118	0.00342465753424658	0.0278463956883	13019	13035	17	-0.218084515121394	"UC-N"	"hypo"
"15"	"chr21"	32813607	32813982	376	"*"	15	3.93739388294793	-0.529156485073751	-15.8334791870164	0.00342465753424658	0.0278463956883	9542	9556	15	-0.246622886442431	"UC-N"	"hypo"
"16"	"chr21"	42314212	42315820	1609	"*"	28	7.41539323945484	0.515506162080301	15.6933960791597	0.00342465753424658	0.0278463956883	22008	22035	28	0.246640759885829	"UC-N"	"hyper"
"17"	"chr21"	35205108	35205285	178	"*"	13	3.54040991202547	-0.660921708746923	-15.1583998306971	0.00342465753424658	0.0278463956883	13073	13085	13	-0.284615808902669	"UC-N"	"hypo"
"18"	"chr21"	33867675	33868051	377	"*"	29	5.74417800385751	-0.538573592746849	-14.9963182504522	0.00342465753424658	0.0278463956883	11666	11694	29	-0.236593056191607	"UC-N"	"hypo"
"19"	"chr21"	43361732	43363090	1359	"*"	55	14.6378524219938	-0.531466495523357	-14.8404805324049	0.00342465753424658	0.0278463956883	23791	23845	55	-0.227054116537361	"UC-N"	"hypo"
"20"	"chr21"	29080541	29080692	152	"*"	12	2.98342491220002	-0.567832346454619	-14.4870565251505	0.00342465753424658	0.0278463956883	6471	6482	12	-0.247846461506539	"UC-N"	"hypo"
"21"	"chr21"	42683675	42684841	1167	"*"	23	5.89797006393032	-0.611373904434287	-14.0717410694794	0.00684931506849315	0.0278463956883	22964	22986	23	-0.245001512010068	"UC-N"	"hypo"
"22"	"chr21"	41293019	41293184	166	"*"	6	2.21997619016524	-0.779989736840497	-14.0351647172136	0.00684931506849315	0.0278463956883	19198	19203	6	-0.360056646031231	"UC-N"	"hypo"
"23"	"chr21"	26572731	26573390	660	"*"	48	6.10666229529422	-0.425964427689708	-13.863295957987	0.00684931506849315	0.0278463956883	4847	4894	48	-0.152787110984616	"UC-N"	"hypo"
"24"	"chr21"	42955424	42955866	443	"*"	49	11.7727740592792	0.496756227430241	13.831155484782	0.00684931506849315	0.0278463956883	23507	23555	49	0.233776427909795	"UC-N"	"hyper"
"25"	"chr21"	44353636	44354414	779	"*"	33	6.85293916934766	-0.482842609024818	-13.7252523361379	0.00684931506849315	0.0278463956883	25750	25782	33	-0.20256452651015	"UC-N"	"hypo"
"26"	"chr21"	26167674	26168411	738	"*"	19	3.48974406223843	0.39768430171437	13.1228858057925	0.00684931506849315	0.0278463956883	4705	4723	19	0.172577287935409	"UC-N"	"hyper"
"27"	"chr21"	38773437	38773502	66	"*"	10	2.30779836400559	-0.507013671345078	-13.1058221230977	0.00684931506849315	0.0278463956883	17160	17169	10	-0.23222320427497	"UC-N"	"hypo"
"28"	"chr21"	42108550	42108691	142	"*"	18	2.31590680563815	-0.542655435336998	-13.0158167710797	0.00684931506849315	0.0278463956883	21621	21638	18	-0.224023729962041	"UC-N"	"hypo"
"29"	"chr21"	44920990	44921450	461	"*"	17	4.30871592787691	-0.602831486295638	-12.9756372244234	0.00684931506849315	0.0278463956883	27652	27668	17	-0.252187691615012	"UC-N"	"hypo"
"30"	"chr21"	41885437	41885559	123	"*"	14	4.68929666221892	-0.675407866561157	-12.9346768344536	0.00684931506849315	0.0278463956883	21070	21083	14	-0.32699834684624	"UC-N"	"hypo"
"31"	"chr21"	31087707	31087861	155	"*"	16	4.61125442461734	-0.626064229249981	-12.921567134851	0.00684931506849315	0.0278463956883	7378	7393	16	-0.286702694771478	"UC-N"	"hypo"
"32"	"chr21"	37219979	37220398	420	"*"	21	2.68530958454175	-0.428937147627799	-12.8101434444669	0.00684931506849315	0.0278463956883	15711	15731	21	-0.189785459718114	"UC-N"	"hypo"
"33"	"chr21"	44593659	44593826	168	"*"	19	6.5086290873637	0.489578653836164	12.3294632000694	0.00684931506849315	0.0278463956883	26354	26372	19	0.246364848989487	"UC-N"	"hyper"
"34"	"chr21"	45257882	45258664	783	"*"	45	11.7823798922058	0.526287446253704	12.2771276215862	0.00684931506849315	0.0278463956883	28647	28691	45	0.231761011802972	"UC-N"	"hyper"
"35"	"chr21"	34075854	34075951	98	"*"	8	1.57435967948635	-0.483188375289931	-12.1933705813026	0.00684931506849315	0.0278463956883	12031	12038	8	-0.221112875086274	"UC-N"	"hypo"
"36"	"chr21"	42389334	42389740	407	"*"	22	5.0335439103275	0.463681696335526	12.126644599773	0.00684931506849315	0.0278463956883	22190	22211	22	0.225199737752159	"UC-N"	"hyper"
"37"	"chr21"	45632164	45632319	156	"*"	12	3.12231730679131	-0.651196413774824	-12.0990171220927	0.00684931506849315	0.0278463956883	30290	30301	12	-0.295686037986621	"UC-N"	"hypo"
"38"	"chr21"	45073175	45073596	422	"*"	33	4.17341944410657	0.368198273220916	11.9299568991817	0.00684931506849315	0.0278463956883	28331	28363	33	0.155045730186675	"UC-N"	"hyper"
"39"	"chr21"	42366466	42366979	514	"*"	29	6.09582632224068	0.433918021007058	11.912935382007	0.00684931506849315	0.0278463956883	22141	22169	29	0.187153870875676	"UC-N"	"hyper"
"40"	"chr21"	43940842	43940935	94	"*"	10	3.97099785414446	0.835511517477432	11.8579990071723	0.00684931506849315	0.0278463956883	24862	24871	10	0.369471158999718	"UC-N"	"hyper"
"41"	"chr21"	42404046	42404225	180	"*"	13	1.98662286096034	-0.463830995412096	-11.8547520055582	0.00684931506849315	0.0278463956883	22292	22304	13	-0.163093254867929	"UC-N"	"hypo"
"42"	"chr21"	41248089	41248222	134	"*"	20	4.98021140681981	0.532430115551095	11.8443150871553	0.00684931506849315	0.0278463956883	19169	19188	20	0.229034221030515	"UC-N"	"hyper"
"43"	"chr21"	38387091	38387297	207	"*"	6	1.83254314967414	-0.748083489799416	-11.7883224468314	0.00684931506849315	0.0278463956883	16972	16977	6	-0.309642626763016	"UC-N"	"hypo"
"44"	"chr21"	42655980	42656150	171	"*"	13	4.04372582486953	0.651542458975446	11.7647588115201	0.00684931506849315	0.0278463956883	22838	22850	13	0.295876948995833	"UC-N"	"hyper"
"45"	"chr21"	29938602	29939182	581	"*"	33	3.91085048270182	-0.323426296485514	-11.6658034697857	0.00684931506849315	0.0278463956883	6660	6692	33	-0.119891326197761	"UC-N"	"hypo"
"46"	"chr21"	23887721	23887796	76	"*"	14	4.11003358314175	-0.684668352135783	-11.6295010187546	0.00684931506849315	0.0278463956883	3844	3857	14	-0.304891852674264	"UC-N"	"hypo"
"47"	"chr21"	43826371	43827158	788	"*"	45	8.05179991695227	0.436679705452276	11.6014384954716	0.00684931506849315	0.0278463956883	24731	24775	45	0.177886753725259	"UC-N"	"hyper"
"48"	"chr21"	45471858	45471961	104	"*"	6	2.14607110366905	0.896269488714804	11.4768216516406	0.00684931506849315	0.0278463956883	29796	29801	6	0.368683336925623	"UC-N"	"hyper"
"49"	"chr21"	38404428	38404591	164	"*"	11	3.48939445511086	-0.674036044018439	-11.4700280298592	0.00684931506849315	0.0278463956883	16978	16988	11	-0.301457626582699	"UC-N"	"hypo"
"50"	"chr21"	39745977	39746334	358	"*"	23	3.10315798387745	-0.415546182575821	-11.2501408665872	0.00684931506849315	0.0278463956883	18440	18462	23	-0.148491191374608	"UC-N"	"hypo"
"51"	"chr21"	44871916	44871984	69	"*"	8	1.21632436932875	0.523664831587293	11.1535320877948	0.00684931506849315	0.0278463956883	27247	27254	8	0.162447845849223	"UC-N"	"hyper"
"52"	"chr21"	36174023	36174225	203	"*"	7	1.90505202826734	-0.705236001157378	-11.1474713060462	0.00684931506849315	0.0278463956883	13841	13847	7	-0.288537102077683	"UC-N"	"hypo"
"53"	"chr21"	41362331	41362429	99	"*"	12	2.5079282766225	-0.593016450412299	-11.0337823504766	0.00684931506849315	0.0278463956883	19361	19372	12	-0.230852186332608	"UC-N"	"hypo"
"54"	"chr21"	34795611	34795838	228	"*"	10	2.82020587939029	0.617635440195953	11.023879655422	0.00684931506849315	0.0278463956883	12643	12652	10	0.259447996377763	"UC-N"	"hyper"
"55"	"chr21"	32413660	32413810	151	"*"	13	3.17696895313627	0.557478594330986	10.9157372152769	0.00684931506849315	0.0278463956883	8833	8845	13	0.247040842601767	"UC-N"	"hyper"
"56"	"chr21"	36430000	36430017	18	"*"	6	0.656118341397052	-0.788563556940081	-10.8825173765669	0.00684931506849315	0.0278463956883	14203	14208	6	-0.333071643877094	"UC-N"	"hypo"
"57"	"chr21"	38376817	38376956	140	"*"	8	3.42064652148006	-0.968491975112071	-10.8229098853708	0.00684931506849315	0.0278463956883	16948	16955	8	-0.421132014467797	"UC-N"	"hypo"
"58"	"chr21"	30281687	30283098	1412	"*"	20	2.32625425249138	-0.290447318281456	-10.6780964012147	0.00684931506849315	0.0278463956883	6845	6864	20	-0.128788964865768	"UC-N"	"hypo"
"59"	"chr21"	41715594	41716128	535	"*"	16	3.92524897670387	0.474194774423554	10.6647524376291	0.00684931506849315	0.0278463956883	19957	19972	16	0.213797089204857	"UC-N"	"hyper"
"60"	"chr21"	26570347	26571412	1066	"*"	7	1.630295220294	-0.481573514309228	-10.6360561079033	0.00684931506849315	0.0278463956883	4823	4829	7	-0.229374114884267	"UC-N"	"hypo"
"61"	"chr21"	14217021	14217296	276	"*"	14	2.68048259490349	0.524879221977043	10.5967767828806	0.00684931506849315	0.0278463956883	1881	1894	14	0.230414374136566	"UC-N"	"hyper"
"62"	"chr21"	26962577	26962702	126	"*"	8	2.57280069979112	0.643422018189333	10.5301094110979	0.0102739726027397	0.0391991570073762	5159	5166	8	0.295277981819128	"UC-N"	"hyper"
"63"	"chr21"	36430334	36430418	85	"*"	5	1.42520230452646	-0.770853189478961	-10.5035175133975	0.0102739726027397	0.0391991570073762	14233	14237	5	-0.304866028488096	"UC-N"	"hypo"
"64"	"chr21"	29076438	29077083	646	"*"	22	3.46226454671063	-0.448243122380066	-10.4598168174851	0.0102739726027397	0.0391991570073762	6346	6367	22	-0.18427369226586	"UC-N"	"hypo"
"65"	"chr21"	44657645	44658061	417	"*"	24	4.58580851012805	-0.412637492517136	-10.4421793453563	0.0102739726027397	0.0391991570073762	26543	26566	24	-0.181758704994191	"UC-N"	"hypo"
"66"	"chr21"	29078937	29079132	196	"*"	7	2.10648564424147	-0.682602784278476	-10.2690957379973	0.0136986301369863	0.0507053772234717	6458	6464	7	-0.301769947767101	"UC-N"	"hypo"
"67"	"chr21"	8213255	8213346	92	"*"	21	3.81117787414028	-0.584817559635682	-10.2684392181333	0.0136986301369863	0.0507053772234717	83	103	21	-0.190479902987768	"UC-N"	"hypo"
"68"	"chr21"	45130635	45130730	96	"*"	8	1.78433879267496	-0.486972651033165	-10.2044933731672	0.0171232876712329	0.0551503291229319	28520	28527	8	-0.213065565627916	"UC-N"	"hypo"
"69"	"chr21"	22819103	22819391	289	"*"	26	2.7968798656237	-0.359847515253195	-10.1915561359575	0.0171232876712329	0.0551503291229319	3662	3687	26	-0.114198666862545	"UC-N"	"hypo"
"70"	"chr21"	42586407	42586559	153	"*"	16	1.96262036384136	-0.433239445530153	-10.1691128577779	0.0171232876712329	0.0551503291229319	22660	22675	16	-0.144523516509029	"UC-N"	"hypo"
"71"	"chr21"	37920461	37920622	162	"*"	11	2.61991436847529	0.489466778672627	10.059097891968	0.0171232876712329	0.0551503291229319	16689	16699	11	0.220680107604414	"UC-N"	"hyper"
"72"	"chr21"	38822800	38823142	343	"*"	34	5.70482663422512	0.292951250748587	10.0513513200709	0.0171232876712329	0.0551503291229319	17341	17374	34	0.146572940111128	"UC-N"	"hyper"
"73"	"chr21"	34886067	34886300	234	"*"	24	3.05670597871969	0.398733962773932	10.0189598982184	0.0171232876712329	0.0551503291229319	12676	12699	24	0.138169267717157	"UC-N"	"hyper"
"74"	"chr21"	29302769	29302966	198	"*"	9	2.17542661760127	0.564828753514238	9.99049833341595	0.0171232876712329	0.0551503291229319	6614	6622	9	0.248873580209859	"UC-N"	"hyper"
"75"	"chr21"	18759952	18760082	131	"*"	18	2.03085012706242	-0.381862638566205	-9.90046401716829	0.0171232876712329	0.0551503291229319	3051	3068	18	-0.130409180465373	"UC-N"	"hypo"
"76"	"chr21"	45534144	45534263	120	"*"	7	2.14914157840097	0.709496901778431	9.84492379307392	0.0171232876712329	0.0551503291229319	30033	30039	7	0.325937301200648	"UC-N"	"hyper"
"77"	"chr21"	42681376	42681469	94	"*"	10	1.36068268523252	-0.398710354296676	-9.76375103592848	0.0171232876712329	0.0551503291229319	22954	22963	10	-0.142132296397425	"UC-N"	"hypo"
"78"	"chr21"	19677253	19677473	221	"*"	24	3.13584130227096	-0.374248271278462	-9.61354065836915	0.0205479452054795	0.0592545396623128	3217	3240	24	-0.150076222283143	"UC-N"	"hypo"
"79"	"chr21"	42316955	42317045	91	"*"	12	2.83516554003523	0.485741193101119	9.58698083871331	0.0205479452054795	0.0592545396623128	22049	22060	12	0.224108193815146	"UC-N"	"hyper"
"80"	"chr21"	33401018	33402653	1636	"*"	48	7.84351360355349	-0.3848856171804	-9.56191236982503	0.0205479452054795	0.0592545396623128	10770	10817	48	-0.167293329044834	"UC-N"	"hypo"
"81"	"chr21"	16070247	16070344	98	"*"	10	1.56782886693664	0.39915355485889	9.51548058340591	0.0205479452054795	0.0592545396623128	2294	2303	10	0.171537251271103	"UC-N"	"hyper"
"82"	"chr21"	13825330	13825480	151	"*"	16	4.70258578649014	-0.648859528740073	-9.48076238631083	0.0205479452054795	0.0592545396623128	1085	1100	16	-0.270669619360454	"UC-N"	"hypo"
"83"	"chr21"	44800128	44800358	231	"*"	20	3.44867895216471	0.378297548801046	9.47360897052601	0.0205479452054795	0.0592545396623128	26919	26938	20	0.172101671468144	"UC-N"	"hyper"
"84"	"chr21"	31658441	31658488	48	"*"	6	1.46608345063112	0.667917227277194	9.33587534286547	0.0205479452054795	0.0592545396623128	7873	7878	6	0.282854417850406	"UC-N"	"hyper"
"85"	"chr21"	38255882	38256073	192	"*"	16	1.83385896738718	-0.31388335463961	-9.23570163183538	0.0205479452054795	0.0592545396623128	16848	16863	16	-0.128179831849458	"UC-N"	"hypo"
"86"	"chr21"	44999276	44999364	89	"*"	9	2.46290338660361	-0.630256158507176	-9.23441599038615	0.0205479452054795	0.0592545396623128	28143	28151	9	-0.281867350933877	"UC-N"	"hypo"
"87"	"chr21"	17610959	17611103	145	"*"	9	2.10416091454845	0.446971201001889	9.20632954474356	0.023972602739726	0.0640992504523133	2541	2549	9	0.17884346728516	"UC-N"	"hyper"
"88"	"chr21"	25573597	25573649	53	"*"	6	1.75340074078828	-0.652450415751154	-9.07212513272315	0.023972602739726	0.0640992504523133	4159	4164	6	-0.278388517128121	"UC-N"	"hypo"
"89"	"chr21"	34517370	34517452	83	"*"	10	2.15714277943794	-0.495355569559323	-9.06267533227388	0.023972602739726	0.0640992504523133	12270	12279	10	-0.190961563410555	"UC-N"	"hypo"
"90"	"chr21"	17613252	17613351	100	"*"	7	1.24727162775082	-0.568303677391301	-9.0626462048052	0.023972602739726	0.0640992504523133	2644	2650	7	-0.232490161625785	"UC-N"	"hypo"
"91"	"chr21"	20927756	20928033	278	"*"	17	3.02869187319221	-0.462096277869164	-8.94129141783622	0.023972602739726	0.0640992504523133	3296	3312	17	-0.187170879181674	"UC-N"	"hypo"
"92"	"chr21"	38272322	38272433	112	"*"	10	1.72561289014887	-0.416084096761217	-8.73455219238262	0.023972602739726	0.0640992504523133	16908	16917	10	-0.187822707710698	"UC-N"	"hypo"
"93"	"chr21"	42232594	42232720	127	"*"	5	1.68237187023025	-0.734078207090634	-8.60565329908361	0.0273972602739726	0.0640992504523133	21811	21815	5	-0.346370114524135	"UC-N"	"hypo"
"94"	"chr21"	45535583	45535734	152	"*"	10	1.97273577880388	-0.527360038247572	-8.55253090859539	0.0273972602739726	0.0640992504523133	30040	30049	10	-0.221986449786208	"UC-N"	"hypo"
"95"	"chr21"	32572652	32572809	158	"*"	13	2.91198569215968	0.481283014099542	8.52711929816064	0.0273972602739726	0.0640992504523133	8995	9007	13	0.202561040688879	"UC-N"	"hyper"
"96"	"chr21"	23452909	23453060	152	"*"	9	1.26692751116796	-0.434180386317754	-8.47210498974826	0.0273972602739726	0.0640992504523133	3709	3717	9	-0.138188273857783	"UC-N"	"hypo"
"97"	"chr21"	32437793	32438003	211	"*"	10	2.97731232482787	-0.674943524800254	-8.39148288100553	0.0273972602739726	0.0640992504523133	8850	8859	10	-0.29870762395438	"UC-N"	"hypo"
"98"	"chr21"	26854802	26854997	196	"*"	19	2.17398375154093	-0.369736523694664	-8.32363188763953	0.0273972602739726	0.0640992504523133	5097	5115	19	-0.107094115081803	"UC-N"	"hypo"
"99"	"chr21"	38752242	38752377	136	"*"	8	1.11908254224272	-0.430582829571646	-8.31395443517356	0.0273972602739726	0.0640992504523133	17110	17117	8	-0.148918810516112	"UC-N"	"hypo"
"100"	"chr21"	42653093	42653205	113	"*"	12	2.00235954604351	-0.484623171427264	-8.29069570363973	0.0273972602739726	0.0640992504523133	22826	22837	12	-0.182825142428322	"UC-N"	"hypo"
"101"	"chr21"	34198421	34198640	220	"*"	13	2.47416282954047	-0.445319179210775	-8.21077459402471	0.0273972602739726	0.0640992504523133	12118	12130	13	-0.177540722139147	"UC-N"	"hypo"
"102"	"chr21"	37435121	37435411	291	"*"	8	1.77141120542381	-0.397400535166783	-8.18969255354657	0.0273972602739726	0.0640992504523133	16199	16206	8	-0.181025051388618	"UC-N"	"hypo"
"103"	"chr21"	9676605	9676986	382	"*"	9	0.985433039984806	-0.351559627279358	-8.06354146713027	0.0273972602739726	0.0640992504523133	245	253	9	-0.128101548935308	"UC-N"	"hypo"
"104"	"chr21"	44463914	44464942	1029	"*"	16	2.07382102673559	-0.374353944647904	-8.0189482671	0.0273972602739726	0.0640992504523133	26012	26027	16	-0.146888541822246	"UC-N"	"hypo"
"105"	"chr21"	45454330	45455345	1016	"*"	13	2.24756191595471	0.431081470360715	7.99967179904884	0.0273972602739726	0.0640992504523133	29712	29724	13	0.192223930494649	"UC-N"	"hyper"
"106"	"chr21"	30216343	30216478	136	"*"	8	1.62957264699582	0.439456115041817	7.97424042567105	0.0273972602739726	0.0640992504523133	6837	6844	8	0.201930684347748	"UC-N"	"hyper"
"107"	"chr21"	26861679	26861966	288	"*"	18	2.44367502126594	-0.405582090504244	-7.92626490206673	0.0308219178082192	0.0701269322609023	5133	5150	18	-0.155566995784131	"UC-N"	"hypo"
"108"	"chr21"	41680459	41680544	86	"*"	6	1.24244318245104	0.462383598046003	7.90700736401982	0.0308219178082192	0.0701269322609023	19863	19868	6	0.205347996136501	"UC-N"	"hyper"
"109"	"chr21"	35719855	35720568	714	"*"	8	1.20800657961389	-0.41267852512862	-7.87814673115003	0.0308219178082192	0.0701269322609023	13118	13125	8	-0.201948014804602	"UC-N"	"hypo"
"110"	"chr21"	36164387	36164626	240	"*"	8	1.247669462258	0.391899980539102	7.82644913281086	0.0342465753424658	0.0713165324688905	13828	13835	8	0.17113074224436	"UC-N"	"hyper"
"111"	"chr21"	38076357	38076397	41	"*"	8	1.70252348795077	0.463848939113652	7.79592983714619	0.0342465753424658	0.0713165324688905	16714	16721	8	0.212602598807191	"UC-N"	"hyper"
"112"	"chr21"	34512171	34512337	167	"*"	10	2.14923113662164	-0.500995413597961	-7.67750640126285	0.0342465753424658	0.0713165324688905	12259	12268	10	-0.192172740587551	"UC-N"	"hypo"
"113"	"chr21"	44550492	44550571	80	"*"	13	2.16363034555291	-0.450422078540351	-7.66834023316387	0.0342465753424658	0.0713165324688905	26208	26220	13	-0.189244107179242	"UC-N"	"hypo"
"114"	"chr21"	44551607	44551726	120	"*"	12	2.3609881392414	0.461025283326581	7.6316861620065	0.0342465753424658	0.0713165324688905	26221	26232	12	0.199482501483116	"UC-N"	"hyper"
"115"	"chr21"	42516348	42516445	98	"*"	10	2.62905368445444	0.585118933179667	7.62176166577627	0.0342465753424658	0.0713165324688905	22529	22538	10	0.276582437216177	"UC-N"	"hyper"
"116"	"chr21"	43657616	43657707	92	"*"	8	1.96375180489591	-0.587788786666465	-7.61932732866051	0.0342465753424658	0.0713165324688905	23854	23861	8	-0.245248778607528	"UC-N"	"hypo"
"117"	"chr21"	44427945	44428137	193	"*"	14	2.70253946087378	0.414178865157298	7.60988912825312	0.0342465753424658	0.0713165324688905	25917	25930	14	0.188638787420731	"UC-N"	"hyper"
"118"	"chr21"	40840381	40840557	177	"*"	11	1.9850963952992	0.39494371646336	7.57133507661863	0.0342465753424658	0.0713165324688905	18748	18758	11	0.157956029762736	"UC-N"	"hyper"
"119"	"chr21"	45367888	45367917	30	"*"	8	1.42029660273771	0.390622577019047	7.52318957531573	0.0376712328767123	0.0713165324688905	29276	29283	8	0.160033362571071	"UC-N"	"hyper"
"120"	"chr21"	14273466	14273539	74	"*"	8	0.922469894460913	0.472832103423237	7.43225467583035	0.0376712328767123	0.0713165324688905	1897	1904	8	0.217482757689818	"UC-N"	"hyper"
"121"	"chr21"	37071864	37071974	111	"*"	6	1.47762800386373	0.518464518574521	7.39355197338029	0.0376712328767123	0.0713165324688905	15478	15483	6	0.2170850198858	"UC-N"	"hyper"
"122"	"chr21"	44666715	44667110	396	"*"	22	3.77597283467542	0.286714268171305	7.33349103924554	0.0376712328767123	0.0713165324688905	26594	26615	22	0.148239583276387	"UC-N"	"hyper"
"123"	"chr21"	36962320	36962444	125	"*"	6	0.671708690405814	-0.409778746210535	-7.30961898691351	0.0376712328767123	0.0713165324688905	15169	15174	6	-0.132691774446037	"UC-N"	"hypo"
"124"	"chr21"	36104952	36104993	42	"*"	6	1.32645660766487	-0.523430279638053	-7.29043015105741	0.0376712328767123	0.0713165324688905	13569	13574	6	-0.213970706303269	"UC-N"	"hypo"
"125"	"chr21"	44457827	44457940	114	"*"	8	1.10141159344402	0.384454305804954	7.22003938651128	0.0376712328767123	0.0713165324688905	25963	25970	8	0.147598127908344	"UC-N"	"hyper"
"126"	"chr21"	41148894	41148976	83	"*"	7	1.15240242667516	-0.506216434847168	-7.20161014657992	0.0376712328767123	0.0713165324688905	19003	19009	7	-0.185807355459419	"UC-N"	"hypo"
"127"	"chr21"	45266957	45267023	67	"*"	10	1.14252172944884	-0.392585369412932	-7.19478652377634	0.0376712328767123	0.0713165324688905	28752	28761	10	-0.153071855982928	"UC-N"	"hypo"
"128"	"chr21"	39350097	39350123	27	"*"	12	2.20205129527114	0.508696912870142	7.191683588984	0.0376712328767123	0.0713165324688905	17775	17786	12	0.210615947915226	"UC-N"	"hyper"
"129"	"chr21"	44990023	44990129	107	"*"	14	2.27276891115254	-0.420435822430345	-7.19129203802556	0.0376712328767123	0.0713165324688905	28075	28088	14	-0.16576460928511	"UC-N"	"hypo"
"130"	"chr21"	10330568	10330730	163	"*"	6	0.859869069127024	-0.429486477567588	-7.1773067322794	0.0376712328767123	0.0713165324688905	403	408	6	-0.178683122364934	"UC-N"	"hypo"
"131"	"chr21"	44369209	44369352	144	"*"	23	4.43401786419665	0.3203696892095	7.14826374737427	0.0376712328767123	0.0713165324688905	25806	25828	23	0.168655050333536	"UC-N"	"hyper"
"132"	"chr21"	30371793	30371933	141	"*"	8	0.846980390983259	-0.328459495344299	-7.08668036303185	0.0479452054794521	0.0874294923448831	6955	6962	8	-0.119420387827754	"UC-N"	"hypo"
"133"	"chr21"	44338247	44338324	78	"*"	11	1.73556031838731	0.47788909947731	7.08399949696281	0.0479452054794521	0.0874294923448831	25597	25607	11	0.164248793117782	"UC-N"	"hyper"
"134"	"chr21"	41165367	41165422	56	"*"	6	1.01540080888218	0.396460705879983	7.04788726262922	0.0479452054794521	0.0874294923448831	19010	19015	6	0.173868827613332	"UC-N"	"hyper"
"135"	"chr21"	32495186	32495310	125	"*"	6	1.11551741100166	0.402861422554579	7.04330225823258	0.0479452054794521	0.0874294923448831	8864	8869	6	0.172617158872093	"UC-N"	"hyper"
"136"	"chr21"	45019474	45019587	114	"*"	13	2.66502483367601	0.415334775886531	6.96050764293389	0.0479452054794521	0.0874294923448831	28260	28272	13	0.174241498768979	"UC-N"	"hyper"
"137"	"chr21"	30166646	30166740	95	"*"	6	0.637419085694354	-0.269060587603997	-6.84492471819251	0.0547945205479452	0.0991900809919008	6793	6798	6	-0.120979091443377	"UC-N"	"hypo"
"138"	"chr21"	34717019	34717202	184	"*"	8	1.34262949330225	-0.387848180787826	-6.80403725980578	0.0616438356164384	0.109197651663405	12579	12586	8	-0.154990733665874	"UC-N"	"hypo"
"139"	"chr21"	42642073	42642538	466	"*"	6	0.912291767361909	-0.384654267691013	-6.77196963355218	0.0616438356164384	0.109197651663405	22803	22808	6	-0.182001883325842	"UC-N"	"hypo"
"140"	"chr21"	34363953	34364085	133	"*"	6	0.949999414281317	0.420514990431478	6.69483852362303	0.0616438356164384	0.109197651663405	12202	12207	6	0.187487402005178	"UC-N"	"hyper"
"141"	"chr21"	16588198	16588299	102	"*"	7	1.90561951049472	0.603251115245252	6.58713359629346	0.0719178082191781	0.126493733605363	2343	2349	7	0.235352705978829	"UC-N"	"hyper"
"142"	"chr21"	41488290	41488337	48	"*"	8	0.883848460840159	-0.380833512774405	-6.53640243581727	0.0753424657534247	0.129756468797565	19688	19695	8	-0.127402892550326	"UC-N"	"hypo"
"143"	"chr21"	43720486	43720638	153	"*"	11	1.65791241395963	0.388631604801176	6.50769671415999	0.0753424657534247	0.129756468797565	24200	24210	11	0.192146291435057	"UC-N"	"hyper"
"144"	"chr21"	45420133	45420240	108	"*"	8	1.57384315971159	0.428164524497822	6.5017712940456	0.0753424657534247	0.129756468797565	29440	29447	8	0.194525364339379	"UC-N"	"hyper"
"145"	"chr21"	42109075	42109151	77	"*"	6	1.01872569542162	-0.549033142486593	-6.47837967754498	0.0787671232876712	0.134718941898914	21653	21658	6	-0.193577041382434	"UC-N"	"hypo"
"146"	"chr21"	45436507	45436555	49	"*"	10	1.74691762963939	-0.436508517760336	-6.44868382367886	0.0821917808219178	0.138663684651943	29590	29599	10	-0.175414139816377	"UC-N"	"hypo"
"147"	"chr21"	42668310	42668659	350	"*"	6	1.02660434083767	-0.520749683032102	-6.4475035814296	0.0821917808219178	0.138663684651943	22890	22895	6	-0.196577826251203	"UC-N"	"hypo"
"148"	"chr21"	42415416	42415484	69	"*"	5	0.949806398298477	-0.460641963260739	-6.32895586358068	0.0958904109589041	0.159602831663142	22305	22309	5	-0.190911047927954	"UC-N"	"hypo"
"149"	"chr21"	41361433	41361538	106	"*"	8	1.41027707878632	0.407787073041545	6.28568823851332	0.0958904109589041	0.159602831663142	19327	19334	8	0.156093659035452	"UC-N"	"hyper"
"150"	"chr21"	42312060	42312202	143	"*"	11	1.56125174564725	0.385047881168913	6.26886229037846	0.102739726027397	0.16986301369863	21997	22007	11	0.176420961840595	"UC-N"	"hyper"
"151"	"chr21"	46140117	46140484	368	"*"	12	2.37663006190276	0.406053052482076	6.23688628562924	0.106164383561644	0.170966020281089	31287	31298	12	0.17115698759362	"UC-N"	"hyper"
"152"	"chr21"	10574561	10574679	119	"*"	6	0.7814787809094	-0.342738842722312	-6.19888693972883	0.106164383561644	0.170966020281089	738	743	6	-0.149330791411633	"UC-N"	"hypo"
"153"	"chr21"	34891541	34891588	48	"*"	7	1.32845764908514	0.465108636524491	6.19294889069162	0.106164383561644	0.170966020281089	12911	12917	7	0.205834124241639	"UC-N"	"hyper"
"154"	"chr21"	25855802	25855942	141	"*"	6	0.796641365600083	-0.351046492137919	-6.15376470980159	0.106164383561644	0.170966020281089	4635	4640	6	-0.157011040150447	"UC-N"	"hypo"
"155"	"chr21"	41774911	41775044	134	"*"	9	1.70269017885316	0.342961068650254	6.12452945640128	0.10958904109589	0.174218475588339	20330	20338	9	0.183939972645432	"UC-N"	"hyper"
"156"	"chr21"	25561208	25561369	162	"*"	7	0.906859096335301	-0.314598130639488	-6.09143430772979	0.10958904109589	0.174218475588339	4030	4036	7	-0.128265102043731	"UC-N"	"hypo"
"157"	"chr21"	31554631	31554701	71	"*"	5	1.17815444761617	-0.48335691455346	-6.02622578784223	0.113013698630137	0.176272938743861	7558	7562	5	-0.233837632473945	"UC-N"	"hypo"
"158"	"chr21"	17511647	17511750	104	"*"	5	1.0719987958285	0.474526100751528	6.02351783200481	0.113013698630137	0.176272938743861	2406	2410	5	0.188104077088842	"UC-N"	"hyper"
"159"	"chr21"	42837186	42838143	958	"*"	20	2.65460472555885	0.325148379591715	5.99895015552283	0.113013698630137	0.176272938743861	23152	23171	20	0.153326942640345	"UC-N"	"hyper"
"160"	"chr21"	38808076	38808211	136	"*"	6	0.794852913220931	0.348316743988447	5.88800671824658	0.116438356164384	0.178251310671402	17301	17306	6	0.137021176370371	"UC-N"	"hyper"
"161"	"chr21"	42651790	42651917	128	"*"	5	0.896913371062095	0.439410080671517	5.85994856100343	0.116438356164384	0.178251310671402	22819	22823	5	0.167041988027459	"UC-N"	"hyper"
"162"	"chr21"	46661201	46661346	146	"*"	8	1.13241633682287	-0.350580205335723	-5.85141371931475	0.116438356164384	0.178251310671402	33189	33196	8	-0.148268459473478	"UC-N"	"hypo"
"163"	"chr21"	36065983	36066083	101	"*"	5	1.23997849651406	0.445964190468277	5.6812403658028	0.13013698630137	0.195995785036881	13422	13426	5	0.22522217026018	"UC-N"	"hyper"
"164"	"chr21"	33036624	33036698	75	"*"	5	0.692921338675675	-0.370185941807007	-5.66502963449981	0.13013698630137	0.195995785036881	10135	10139	5	-0.126628057541751	"UC-N"	"hypo"
"165"	"chr21"	33640880	33640926	47	"*"	6	0.924301478699361	0.426721163909395	5.63147745657211	0.133561643835616	0.195995785036881	11486	11491	6	0.18995571567587	"UC-N"	"hyper"
"166"	"chr21"	43812378	43812421	44	"*"	6	1.02869990437482	0.497788574672453	5.62103141411589	0.133561643835616	0.195995785036881	24701	24706	6	0.196255736007759	"UC-N"	"hyper"
"167"	"chr21"	41679205	41679409	205	"*"	13	2.50208628580469	0.304351513429763	5.61208760547259	0.133561643835616	0.195995785036881	19850	19862	13	0.139853673900868	"UC-N"	"hyper"
"168"	"chr21"	43959835	43959888	54	"*"	8	0.975484504748674	-0.330298795531153	-5.61109250134091	0.133561643835616	0.195995785036881	24953	24960	8	-0.118242575614393	"UC-N"	"hypo"
"169"	"chr21"	44302138	44302261	124	"*"	7	1.14078762041042	0.447193215547408	5.60489967381045	0.133561643835616	0.195995785036881	25439	25445	7	0.179008261750592	"UC-N"	"hyper"
"170"	"chr21"	22359858	22360098	241	"*"	13	1.9106036560232	-0.397419473420086	-5.54989494897129	0.143835616438356	0.20983078162772	3552	3564	13	-0.175098182580123	"UC-N"	"hypo"
"171"	"chr21"	45875060	45875302	243	"*"	19	2.12135826326074	-0.284919070851011	-5.53156285408038	0.147260273972603	0.209888206581641	30599	30617	19	-0.121734022218791	"UC-N"	"hypo"
"172"	"chr21"	45902453	45902618	166	"*"	8	1.05674810436912	-0.330402049895042	-5.52362263962746	0.147260273972603	0.209888206581641	30650	30657	8	-0.125856920350037	"UC-N"	"hypo"
"173"	"chr21"	10522270	10522320	51	"*"	5	0.998597288235767	-0.500636126738521	-5.49163672875095	0.147260273972603	0.209888206581641	713	717	5	-0.199962814978906	"UC-N"	"hypo"
"174"	"chr21"	31874860	31874939	80	"*"	5	0.66411931293283	0.432928812177085	5.4870986226486	0.147260273972603	0.209888206581641	8133	8137	5	0.178631686492125	"UC-N"	"hyper"
"175"	"chr21"	34690514	34690645	132	"*"	5	0.99981968749255	0.391158314893324	5.45068826219199	0.154109589041096	0.214611872146119	12574	12578	5	0.215378051830121	"UC-N"	"hyper"
"176"	"chr21"	42525063	42525159	97	"*"	7	1.04644417858293	0.373996406225646	5.44691254274434	0.154109589041096	0.214611872146119	22548	22554	7	0.13523178776033	"UC-N"	"hyper"
"177"	"chr21"	35038176	35038268	93	"*"	5	1.1456859255432	-0.46534632107487	-5.40419098231985	0.157534246575342	0.214611872146119	13008	13012	5	-0.215223123064073	"UC-N"	"hypo"
"178"	"chr21"	44581733	44581802	70	"*"	6	0.825985395976509	-0.306464747409181	-5.35954727317357	0.157534246575342	0.214611872146119	26336	26341	6	-0.151924615291139	"UC-N"	"hypo"
"179"	"chr21"	9660048	9660131	84	"*"	9	1.12060573045722	-0.319960400715832	-5.35870328088014	0.157534246575342	0.214611872146119	209	217	9	-0.11985324331151	"UC-N"	"hypo"
"180"	"chr21"	37208501	37208574	74	"*"	8	0.824337466439772	-0.323052525913467	-5.35779527877357	0.157534246575342	0.214611872146119	15702	15709	8	-0.149636250860765	"UC-N"	"hypo"
"181"	"chr21"	34883929	34884020	92	"*"	8	1.27075006925592	-0.31388803227541	-5.35742304642087	0.157534246575342	0.214611872146119	12668	12675	8	-0.153040326896666	"UC-N"	"hypo"
"182"	"chr21"	36703299	36703335	37	"*"	6	0.833093639984547	-0.355387126186594	-5.33803430798054	0.160958904109589	0.214611872146119	14783	14788	6	-0.145177333326847	"UC-N"	"hypo"
"183"	"chr21"	26842885	26843020	136	"*"	7	0.973980646484551	0.395743807257022	5.33073711264385	0.160958904109589	0.214611872146119	4931	4937	7	0.185350562609115	"UC-N"	"hyper"
"184"	"chr21"	45427738	45427903	166	"*"	11	1.94278480224199	0.327180844326796	5.33023345312067	0.160958904109589	0.214611872146119	29506	29516	11	0.171753520269455	"UC-N"	"hyper"
"185"	"chr21"	42235321	42235399	79	"*"	10	1.65745420081384	0.349903970267276	5.30456520345351	0.160958904109589	0.214611872146119	21883	21892	10	0.174906811534187	"UC-N"	"hyper"
"186"	"chr21"	41242420	41242477	58	"*"	5	1.10760302585256	0.470811732623167	5.28280013724626	0.160958904109589	0.214611872146119	19110	19114	5	0.209388994342369	"UC-N"	"hyper"
"187"	"chr21"	40146694	40146730	37	"*"	6	1.14520775215366	0.383625880435266	5.26217860542472	0.164383561643836	0.215699065014133	18590	18595	6	0.175168023583495	"UC-N"	"hyper"
"188"	"chr21"	41927795	41927919	125	"*"	6	0.740380003907446	-0.402128195521025	-5.25826085332989	0.164383561643836	0.215699065014133	21172	21177	6	-0.163237791627247	"UC-N"	"hypo"
"189"	"chr21"	46413462	46413539	78	"*"	8	0.97140605784046	-0.381477459857164	-5.24538931800325	0.164383561643836	0.215699065014133	32440	32447	8	-0.122396684243598	"UC-N"	"hypo"
"190"	"chr21"	26000065	26000163	99	"*"	18	2.19442757882055	0.223260664498305	5.21324405819931	0.174657534246575	0.227974044700793	4678	4695	18	0.104863401185145	"UC-N"	"hyper"
"191"	"chr21"	25363315	25363540	226	"*"	10	1.07022501267178	-0.267748033719248	-5.15705858266694	0.178082191780822	0.231227139066198	4006	4015	10	-0.10288523770451	"UC-N"	"hypo"
"192"	"chr21"	38297596	38297796	201	"*"	6	0.848770095364852	-0.406156647250295	-5.14835826897926	0.181506849315068	0.233231599119881	16920	16925	6	-0.135227541127132	"UC-N"	"hypo"
"193"	"chr21"	44285384	44286123	740	"*"	12	1.97968851120383	0.320486765193865	5.13732756773448	0.181506849315068	0.233231599119881	25349	25360	12	0.128008077290431	"UC-N"	"hyper"
"194"	"chr21"	42103933	42103990	58	"*"	5	0.516670509620716	-0.371757418331438	-5.07686225949179	0.191780821917808	0.243905865823674	21570	21574	5	-0.099429734647503	"UC-N"	"hypo"
"195"	"chr21"	10541075	10541152	78	"*"	8	1.42425669673091	-0.26981970986071	-5.07247431551595	0.191780821917808	0.243905865823674	724	731	8	-0.0800065739511407	"UC-N"	"hypo"
"196"	"chr21"	33546193	33546368	176	"*"	6	1.12869647014636	-0.375043719672101	-5.06059127733168	0.195205479452055	0.246994688286273	11332	11337	6	-0.152219907333736	"UC-N"	"hypo"
"197"	"chr21"	39866494	39866545	52	"*"	6	0.818597501777278	-0.393192580934234	-5.02205047194577	0.205479452054795	0.256476332564763	18487	18492	6	-0.126776095287336	"UC-N"	"hypo"
"198"	"chr21"	45513444	45513556	113	"*"	11	1.58859201706645	0.294679651448065	4.98416983020934	0.208904109589041	0.256476332564763	29986	29996	11	0.136788816323734	"UC-N"	"hyper"
"199"	"chr21"	42221466	42221581	116	"*"	5	0.649480657086054	-0.327623044806154	-4.98003689666207	0.208904109589041	0.256476332564763	21790	21794	5	-0.159214501186278	"UC-N"	"hypo"
"200"	"chr21"	37567094	37567176	83	"*"	8	1.1321988969766	0.319473136598772	4.96171813715698	0.208904109589041	0.256476332564763	16390	16397	8	0.145811561608058	"UC-N"	"hyper"
"201"	"chr21"	44574935	44575084	150	"*"	9	1.17088669471563	0.398653995020487	4.95077093262872	0.208904109589041	0.256476332564763	26315	26323	9	0.121836479446501	"UC-N"	"hyper"
"202"	"chr21"	18752835	18752898	64	"*"	5	0.632371767108212	-0.387659879276061	-4.94880342917892	0.208904109589041	0.256476332564763	3021	3025	5	-0.156510481233053	"UC-N"	"hypo"
"203"	"chr21"	38802787	38802880	94	"*"	6	1.20279821450401	0.360030408901662	4.93469643321625	0.215753424657534	0.263580538497874	17190	17195	6	0.175472222428532	"UC-N"	"hyper"
"204"	"chr21"	45032453	45032523	71	"*"	7	2.61101892220152	0.69079160740618	4.89226842664016	0.219178082191781	0.26645178619393	28309	28315	7	0.326227557545166	"UC-N"	"hyper"
"205"	"chr21"	26871825	26872287	463	"*"	5	0.759549935501821	-0.450423160744161	-4.85410481492103	0.226027397260274	0.272110653012369	5151	5155	5	-0.166431451668751	"UC-N"	"hypo"
"206"	"chr21"	44988179	44988228	50	"*"	11	1.34076906310285	-0.271557546054634	-4.85040168194729	0.226027397260274	0.272110653012369	28064	28074	11	-0.108875600814017	"UC-N"	"hypo"
"207"	"chr21"	42365584	42365677	94	"*"	5	0.575759970194784	-0.343768312559783	-4.80689931363696	0.229452054794521	0.274899080140295	22134	22138	5	-0.144663411497884	"UC-N"	"hypo"
"208"	"chr21"	18267156	18267195	40	"*"	6	0.768541843621154	-0.253914477448921	-4.79309490776125	0.232876712328767	0.27501630789302	3003	3008	6	-0.125408702731018	"UC-N"	"hypo"
"209"	"chr21"	43829884	43829994	111	"*"	9	1.23666141386814	0.252816508067014	4.78495550257225	0.232876712328767	0.27501630789302	24776	24784	9	0.114908684874838	"UC-N"	"hyper"
"210"	"chr21"	36389032	36389069	38	"*"	12	1.89506681885945	-0.362391169583342	-4.7786308127115	0.232876712328767	0.27501630789302	14180	14191	12	-0.176728501789563	"UC-N"	"hypo"
"211"	"chr21"	14063696	14064641	946	"*"	60	20.9893063075689	-0.614460318271445	-4.71925523602603	0.25	0.292452830188679	1573	1632	60	-0.25982744279154	"UC-N"	"hypo"
"212"	"chr21"	36977824	36978822	999	"*"	7	0.940825350805139	-0.39726727326209	-4.69286984911704	0.25	0.292452830188679	15231	15237	7	-0.150447184856679	"UC-N"	"hypo"
"213"	"chr21"	22374710	22374829	120	"*"	5	0.773745904183679	0.351384854821446	4.63144396348571	0.253424657534247	0.295067206894334	3568	3572	5	0.138735986523803	"UC-N"	"hyper"
"214"	"chr21"	44509645	44509772	128	"*"	8	1.11758158940051	0.357804435442772	4.56270523043696	0.256849315068493	0.297657150172833	26127	26134	8	0.149908362988281	"UC-N"	"hyper"
"215"	"chr21"	41823437	41823665	229	"*"	19	2.51281893313782	-0.346335789661088	-4.54221612741257	0.26027397260274	0.300223000955718	20725	20743	19	-0.120902122447536	"UC-N"	"hypo"
"216"	"chr21"	45444010	45444050	41	"*"	6	0.92757652975675	0.346903629397727	4.48139565417536	0.263698630136986	0.302765093860984	29679	29684	6	0.15173056876406	"UC-N"	"hyper"
"217"	"chr21"	45543534	45544282	749	"*"	7	0.933860402574245	-0.31521193346999	-4.47266561227429	0.267123287671233	0.305283757338552	30095	30101	7	-0.128608515934759	"UC-N"	"hypo"
"218"	"chr21"	42351011	42351151	141	"*"	6	1.24356201018986	0.437157613040898	4.40321483606463	0.277397260273973	0.315571195174061	22087	22092	6	0.198953121504896	"UC-N"	"hyper"
"219"	"chr21"	42497104	42497158	55	"*"	5	0.625515608397833	0.384884382583671	4.35500342865929	0.284246575342466	0.321886532807906	22446	22450	5	0.16800299417414	"UC-N"	"hyper"
"220"	"chr21"	41369712	41369925	214	"*"	13	3.01992657122863	-0.390347649315991	-4.24104600032385	0.301369863013699	0.33972602739726	19373	19385	13	-0.191136303826392	"UC-N"	"hypo"
"221"	"chr21"	17756920	17757023	104	"*"	7	0.732728623020377	-0.246694869026517	-4.10452095773412	0.321917808219178	0.361247133205232	2708	2714	7	-0.10738414194363	"UC-N"	"hypo"
"222"	"chr21"	8759513	8759957	445	"*"	5	0.688002662314788	-0.372602906515827	-4.01210052148573	0.342465753424658	0.382574355177095	125	129	5	-0.127739853240146	"UC-N"	"hypo"
"223"	"chr21"	33030208	33030319	112	"*"	6	1.26539051705828	0.347484970250804	3.93527533714997	0.35958904109589	0.399901713864488	10051	10056	6	0.150228018017502	"UC-N"	"hyper"
"224"	"chr21"	41716626	41716735	110	"*"	5	0.69491586497121	-0.316113514630252	-3.86363978984876	0.363013698630137	0.401908023483366	19989	19993	5	-0.117637023732945	"UC-N"	"hypo"
"225"	"chr21"	44706160	44706272	113	"*"	6	0.958524255583057	-0.374598212568586	-3.85749444902467	0.366438356164384	0.403896499238965	26702	26707	6	-0.143466616333562	"UC-N"	"hypo"
"226"	"chr21"	46161540	46161650	111	"*"	13	2.85416023957468	-0.782529449821744	-3.76195560379309	0.39041095890411	0.422803134533708	31420	31432	13	-0.218201709661233	"UC-N"	"hypo"
"227"	"chr21"	33034281	33034406	126	"*"	5	0.994239440612551	0.324626757790052	3.71789845888793	0.39041095890411	0.422803134533708	10128	10132	5	0.174028925892123	"UC-N"	"hyper"
"228"	"chr21"	42949510	42949740	231	"*"	8	1.2188998676561	-0.386743682347654	-3.69140843591828	0.39041095890411	0.422803134533708	23486	23493	8	-0.152660717761726	"UC-N"	"hypo"
"229"	"chr21"	31875524	31875693	170	"*"	26	2.98635138004388	0.225753933288152	3.6853052350933	0.39041095890411	0.422803134533708	8143	8168	26	0.108780152176417	"UC-N"	"hyper"
"230"	"chr21"	42969735	42969831	97	"*"	6	0.664031935029318	-0.261425208321716	-3.33251882017443	0.479452054794521	0.51697438951757	23556	23561	6	-0.0960555439744238	"UC-N"	"hypo"
"231"	"chr21"	43727333	43727496	164	"*"	7	1.41122701535805	-0.422712834720417	-3.29496795444052	0.482876712328767	0.51841309375556	24246	24252	7	-0.217704519988547	"UC-N"	"hypo"
"232"	"chr21"	42238095	42238255	161	"*"	5	0.74594353158739	-0.341945573141912	-3.26528557160383	0.496575342465753	0.530821917808219	21905	21909	5	-0.141688921309817	"UC-N"	"hypo"
"233"	"chr21"	38821052	38821142	91	"*"	8	0.91683955686259	0.242538902448468	3.18118918375232	0.513698630136986	0.546769357399024	17313	17320	8	0.0969335992213729	"UC-N"	"hyper"
"234"	"chr21"	43975892	43975942	51	"*"	5	0.642907461663134	0.372768838405081	3.05416368089741	0.541095890410959	0.573469148811615	25070	25074	5	0.159591670292851	"UC-N"	"hyper"
"235"	"chr21"	44600558	44601363	806	"*"	9	1.08079667462313	0.182088811390352	2.77464936906701	0.595890410958904	0.628854561352375	26390	26398	9	0.0688952741717057	"UC-N"	"hyper"
"236"	"chr21"	44753204	44753393	190	"*"	20	2.25686595706999	0.148381881305007	2.7019316452862	0.61986301369863	0.649476228847704	26880	26899	20	0.0570918267554453	"UC-N"	"hyper"
"237"	"chr21"	44572192	44572231	40	"*"	6	0.697462922018881	-0.37363323115699	-2.6986518087486	0.623287671232877	0.649476228847704	26286	26291	6	-0.115548432670598	"UC-N"	"hypo"
"238"	"chr21"	38228175	38228222	48	"*"	6	0.924968969511753	0.22808161814186	2.69304425199902	0.623287671232877	0.649476228847704	16834	16839	6	0.100213905342868	"UC-N"	"hyper"
"239"	"chr21"	44558000	44558090	91	"*"	5	0.605995365596002	0.297271954539619	2.53724191776518	0.681506849315068	0.707170287155385	26252	26256	5	0.12151571885873	"UC-N"	"hyper"
"240"	"chr21"	32584967	32585049	83	"*"	7	0.742888594655898	-0.18534794360725	-2.42450533344766	0.712328767123288	0.733018814301142	9096	9102	7	-0.0796897120207768	"UC-N"	"hypo"
"241"	"chr21"	44391640	44391667	28	"*"	8	0.89937718459108	-0.148668387119411	-2.41987637934243	0.712328767123288	0.733018814301142	25867	25874	8	-0.0588802676133526	"UC-N"	"hypo"
"242"	"chr21"	28783612	28783766	155	"*"	5	0.803194105017288	-0.291594389365494	-2.20645825516561	0.763698630136986	0.782633306917242	5569	5573	5	-0.133902778228172	"UC-N"	"hypo"
"243"	"chr21"	15217636	15217654	19	"*"	5	0.600898609664984	-0.247095910232843	-2.1477016707534	0.773972602739726	0.789897964936017	2182	2186	5	-0.0658807933109194	"UC-N"	"hypo"
"244"	"chr21"	41505661	41505821	161	"*"	5	0.64665724174383	0.223839115719059	2.09970886066154	0.777397260273973	0.790141477655513	19706	19710	5	0.102203856593947	"UC-N"	"hyper"
"245"	"chr21"	26165578	26165685	108	"*"	5	0.541961011212043	-0.135057765824061	-1.62181628562916	0.873287671232877	0.883980989656136	4698	4702	5	-0.0201897389687333	"UC-N"	"hypo"
"246"	"chr21"	45286892	45286942	51	"*"	11	1.14000176724532	-0.0927950446836764	-1.46092931240515	0.917808219178082	0.924962564472298	28961	28971	11	-0.046987413895258	"UC-N"	"hypo"
"247"	"chr21"	33644478	33644492	15	"*"	6	0.62312364163116	0.131729872505023	1.43484251413008	0.921232876712329	0.924962564472298	11621	11626	6	0.100163439806999	"UC-N"	"hyper"
"248"	"chr21"	39127694	39127712	19	"*"	6	0.676734983443397	-0.13244060714818	-1.05395444205351	0.952054794520548	0.952054794520548	17401	17406	6	-0.0689122407419847	"UC-N"	"hypo"
