"seqnames"	"start"	"end"	"width"	"strand"	"L"	"area"	"beta"	"stat"	"pval"	"qval"	"index.start"	"index.end"	"index.width"	"rawDiff"	"Comp"	"Class"
"1"	"chrX"	129779590	129780074	485	"*"	30	10.3686455685836	-0.776516545405197	-23.014391545611	0.000645994832041344	0.0106976744186046	43569	43598	30	-0.354596290996852	"UC-N"	"hypo"
"2"	"chrX"	44343813	44344980	1168	"*"	37	9.84303998098588	-0.686804356386848	-22.5519020269185	0.000645994832041344	0.0106976744186046	13935	13971	37	-0.295736497547967	"UC-N"	"hypo"
"3"	"chrX"	15500618	15501005	388	"*"	36	7.90015018090731	-0.512455788558648	-17.3675841867929	0.000645994832041344	0.0106976744186046	4173	4208	36	-0.210732709603407	"UC-N"	"hypo"
"4"	"chrX"	12956040	12956770	731	"*"	21	5.74107504869252	-0.769202960454561	-17.264386496996	0.000645994832041344	0.0106976744186046	2866	2886	21	-0.300817668002864	"UC-N"	"hypo"
"5"	"chrX"	45200868	45201300	433	"*"	16	4.51951799494194	-0.689103052838337	-15.8154136806496	0.000645994832041344	0.0106976744186046	14204	14219	16	-0.31087212610414	"UC-N"	"hypo"
"6"	"chrX"	103554797	103555068	272	"*"	23	3.11124944223812	-0.461762566000466	-15.6184897863003	0.000645994832041344	0.0106976744186046	34257	34279	23	-0.152954169249945	"UC-N"	"hypo"
"7"	"chrX"	17655536	17656281	746	"*"	46	11.8680089317106	-0.772126167043139	-15.2144663908363	0.000645994832041344	0.0106976744186046	5296	5341	46	-0.28997939537928	"UC-N"	"hypo"
"8"	"chrX"	71052882	71053405	524	"*"	48	9.81103491083735	-0.497924504532576	-14.7459086685691	0.000645994832041344	0.0106976744186046	25142	25189	48	-0.229504611990047	"UC-N"	"hypo"
"9"	"chrX"	135295673	135296027	355	"*"	40	11.1500660110472	-0.689756939958492	-14.2694399590963	0.000645994832041344	0.0106976744186046	46702	46741	40	-0.292682561590375	"UC-N"	"hypo"
"10"	"chrX"	131830638	131831168	531	"*"	26	5.20003760377881	-0.491815456905317	-14.2656803969764	0.000645994832041344	0.0106976744186046	44769	44794	26	-0.216213836526391	"UC-N"	"hypo"
"11"	"chrX"	30577546	30577667	122	"*"	9	2.97223565768563	-0.755669346273833	-14.0162655083022	0.000645994832041344	0.0106976744186046	9676	9684	9	-0.337071495846165	"UC-N"	"hypo"
"12"	"chrX"	46757320	46758090	771	"*"	21	4.62480528758726	-0.672671009342673	-14.0058531456787	0.000645994832041344	0.0106976744186046	14679	14699	21	-0.268978035564406	"UC-N"	"hypo"
"13"	"chrX"	133984008	133984496	489	"*"	62	11.5742993206381	-0.492864303958319	-13.4043920169482	0.000645994832041344	0.0106976744186046	45379	45440	62	-0.209706787256547	"UC-N"	"hypo"
"14"	"chrX"	18355335	18355508	174	"*"	22	3.55965150276946	-0.494860123716637	-12.4690464157836	0.000645994832041344	0.0106976744186046	5705	5726	22	-0.227539071744218	"UC-N"	"hypo"
"15"	"chrX"	2796938	2797120	183	"*"	21	4.0889880908496	-0.486865241562647	-12.4048810275277	0.000645994832041344	0.0106976744186046	1	21	21	-0.220486208477745	"UC-N"	"hypo"
"16"	"chrX"	99939409	99940118	710	"*"	70	8.94942616162411	-0.317910354995123	-12.2259184142424	0.000645994832041344	0.0106976744186046	31405	31474	70	-0.149233580609839	"UC-N"	"hypo"
"17"	"chrX"	134545584	134546783	1200	"*"	55	12.6404366121351	0.574320811850756	12.1410610066769	0.000645994832041344	0.0106976744186046	45824	45878	55	0.24689094582804	"UC-N"	"hyper"
"18"	"chrX"	47629827	47630341	515	"*"	13	3.64801555081058	-0.726568462649959	-12.1147403962814	0.000645994832041344	0.0106976744186046	15626	15638	13	-0.323346175866576	"UC-N"	"hypo"
"19"	"chrX"	12920335	12920455	121	"*"	15	3.21304758835309	-0.600000052282034	-11.9755809075752	0.000645994832041344	0.0106976744186046	2841	2855	15	-0.218843940254513	"UC-N"	"hypo"
"20"	"chrX"	115362524	115362751	228	"*"	16	5.78212565098207	-0.907009687905539	-11.8045946601886	0.000645994832041344	0.0106976744186046	38723	38738	16	-0.366006739726068	"UC-N"	"hypo"
"21"	"chrX"	24672753	24673019	267	"*"	20	4.04575327253655	0.515253002082894	11.6523365537719	0.000645994832041344	0.0106976744186046	8182	8201	20	0.241509615871569	"UC-N"	"hyper"
"22"	"chrX"	119956204	119956453	250	"*"	15	4.2167830106194	-0.682901729519549	-11.3058490625053	0.000645994832041344	0.0106976744186046	40999	41013	15	-0.295415003641053	"UC-N"	"hypo"
"23"	"chrX"	12977627	12979155	1529	"*"	22	3.64298589468236	-0.498450933303035	-11.084480093148	0.000645994832041344	0.0106976744186046	2979	3000	22	-0.181321342975989	"UC-N"	"hypo"
"24"	"chrX"	89921659	89921958	300	"*"	20	2.36708086075815	-0.339074286382833	-10.9094258489095	0.000645994832041344	0.0106976744186046	30505	30524	20	-0.123188153074736	"UC-N"	"hypo"
"25"	"chrX"	119690978	119691343	366	"*"	11	3.15112803809705	-0.72772986032586	-10.8652171548393	0.000645994832041344	0.0106976744186046	40480	40490	11	-0.292987667919333	"UC-N"	"hypo"
"26"	"chrX"	119617957	119618033	77	"*"	9	2.35339459787209	-0.703633269866064	-10.7050620108891	0.00129198966408269	0.0167151162790698	40461	40469	9	-0.326953940318844	"UC-N"	"hypo"
"27"	"chrX"	66018665	66018895	231	"*"	6	1.53018061911017	-0.61861435864163	-10.5613184731274	0.00129198966408269	0.0167151162790698	23202	23207	6	-0.238685194592011	"UC-N"	"hypo"
"28"	"chrX"	140511278	140511417	140	"*"	32	4.74167978066453	-0.382742225248955	-10.5483888097494	0.00129198966408269	0.0167151162790698	49647	49678	32	-0.158059946485042	"UC-N"	"hypo"
"29"	"chrX"	20413049	20413277	229	"*"	9	2.86297807621019	-0.86241732098955	-10.388371179076	0.00193798449612403	0.0167151162790698	6565	6573	9	-0.364446165014872	"UC-N"	"hypo"
"30"	"chrX"	9940601	9940679	79	"*"	8	2.08177833703849	-0.780889887539402	-10.3797787976342	0.00193798449612403	0.0167151162790698	1709	1716	8	-0.306125065169551	"UC-N"	"hypo"
"31"	"chrX"	37008222	37008375	154	"*"	22	2.77774659975674	-0.356467651857944	-10.3700554879448	0.00193798449612403	0.0167151162790698	11005	11026	22	-0.135172140596636	"UC-N"	"hypo"
"32"	"chrX"	40245113	40245315	203	"*"	11	2.59256338201869	-0.626729613267964	-10.206754467554	0.00193798449612403	0.0167151162790698	12811	12821	11	-0.225484465790884	"UC-N"	"hypo"
"33"	"chrX"	31508414	31508629	216	"*"	6	1.61115038139197	0.623169560934057	10.1792336345701	0.00193798449612403	0.0167151162790698	9957	9962	6	0.286770196648252	"UC-N"	"hyper"
"34"	"chrX"	27863962	27864412	451	"*"	31	4.69019837886067	-0.387043970612325	-9.93224242051745	0.00193798449612403	0.0167151162790698	9135	9165	31	-0.162942552028808	"UC-N"	"hypo"
"35"	"chrX"	40178109	40178332	224	"*"	16	2.19613930100295	-0.458229461226337	-9.9072383376598	0.00193798449612403	0.0167151162790698	12721	12736	16	-0.179614392534158	"UC-N"	"hypo"
"36"	"chrX"	73447040	73447613	574	"*"	54	7.54107525370752	-0.323549079523179	-9.69560567172308	0.00193798449612403	0.0167151162790698	27015	27068	54	-0.153699562649033	"UC-N"	"hypo"
"37"	"chrX"	91434765	91434859	95	"*"	20	2.46399652752014	-0.412091735814248	-9.62684429862365	0.00193798449612403	0.0167151162790698	30751	30770	20	-0.160026986761179	"UC-N"	"hypo"
"38"	"chrX"	19747738	19747886	149	"*"	11	3.05037276201051	-0.668153060911725	-9.57993385582822	0.00193798449612403	0.0167151162790698	6161	6171	11	-0.284371332114107	"UC-N"	"hypo"
"39"	"chrX"	151953738	151953795	58	"*"	6	1.40542797959652	-0.57091981521667	-9.54930947481193	0.00193798449612403	0.0167151162790698	52661	52666	6	-0.213885748418021	"UC-N"	"hypo"
"40"	"chrX"	136647814	136648148	335	"*"	14	2.26326368337506	-0.438029143456925	-9.54207247799249	0.00193798449612403	0.0167151162790698	47733	47746	14	-0.169083752961359	"UC-N"	"hypo"
"41"	"chrX"	73561826	73562052	227	"*"	5	1.25475426487225	0.57364396251903	9.47496459906579	0.00193798449612403	0.0167151162790698	27093	27097	5	0.279901746177721	"UC-N"	"hyper"
"42"	"chrX"	134554369	134554493	125	"*"	7	1.69463185301926	-0.621678447272511	-9.41842864741538	0.00193798449612403	0.0167151162790698	45939	45945	7	-0.28301013696449	"UC-N"	"hypo"
"43"	"chrX"	110418541	110419076	536	"*"	20	2.46593308455664	0.422651278826973	9.40935559446609	0.00193798449612403	0.0167151162790698	37355	37374	20	0.170232696832876	"UC-N"	"hyper"
"44"	"chrX"	39855205	39855288	84	"*"	9	3.17788004625449	-0.813515591152356	-9.35492188301836	0.00193798449612403	0.0167151162790698	12304	12312	9	-0.354045410888277	"UC-N"	"hypo"
"45"	"chrX"	40006779	40007038	260	"*"	13	3.08364680954856	-0.617469725652101	-9.32213406044176	0.00193798449612403	0.0167151162790698	12332	12344	13	-0.238881829087471	"UC-N"	"hypo"
"46"	"chrX"	71618140	71619469	1330	"*"	17	3.36670714018517	-0.454130471599204	-9.2993840622218	0.00193798449612403	0.0167151162790698	26141	26157	17	-0.188927130143013	"UC-N"	"hypo"
"47"	"chrX"	41688987	41689024	38	"*"	6	3.21807366968367	-0.721631254526402	-9.29583515377183	0.00193798449612403	0.0167151162790698	13452	13457	6	-0.325411336534473	"UC-N"	"hypo"
"48"	"chrX"	2964142	2964412	271	"*"	13	2.72256618557937	0.502895114081557	9.28243429826235	0.00193798449612403	0.0167151162790698	238	250	13	0.240208257579407	"UC-N"	"hyper"
"49"	"chrX"	115311624	115311920	297	"*"	11	2.89362375125132	-0.564922857079194	-9.19255461838211	0.00258397932816537	0.0218319886093972	38695	38705	11	-0.241549909826545	"UC-N"	"hypo"
"50"	"chrX"	137574129	137576093	1965	"*"	48	6.36327418079725	-0.343094875950466	-9.02571810927988	0.00322997416020672	0.0262197902416781	48624	48671	48	-0.137365805594337	"UC-N"	"hypo"
"51"	"chrX"	84855681	84856935	1255	"*"	29	3.25303742170684	-0.316134209938209	-8.98459879303427	0.00322997416020672	0.0262197902416781	29774	29802	29	-0.118344654807631	"UC-N"	"hypo"
"52"	"chrX"	79367517	79368460	944	"*"	9	1.41346735289808	-0.55583816730524	-8.96242519192904	0.00387596899224806	0.0301950487621905	28934	28942	9	-0.230792074978407	"UC-N"	"hypo"
"53"	"chrX"	71606856	71607055	200	"*"	5	1.06861329733261	-0.51730164134252	-8.94403633072568	0.00452196382428941	0.0301950487621905	26132	26136	5	-0.220786887994551	"UC-N"	"hypo"
"54"	"chrX"	20971819	20972077	259	"*"	20	2.2563886901582	-0.323327252848349	-8.80099596198049	0.00452196382428941	0.0301950487621905	6574	6593	20	-0.104145683308232	"UC-N"	"hypo"
"55"	"chrX"	66164186	66164529	344	"*"	9	2.16984763219689	0.626484801995878	8.66532699662907	0.00452196382428941	0.0301950487621905	23249	23257	9	0.27147038058214	"UC-N"	"hyper"
"56"	"chrX"	119646556	119646968	413	"*"	6	1.16530784910836	-0.47898982932258	-8.64104842829068	0.00452196382428941	0.0301950487621905	40470	40475	6	-0.19948072618643	"UC-N"	"hypo"
"57"	"chrX"	78658557	78658653	97	"*"	10	2.20344400648563	-0.5229805475619	-8.61256494092381	0.00452196382428941	0.0301950487621905	28839	28848	10	-0.2363897283313	"UC-N"	"hypo"
"58"	"chrX"	28586105	28586222	118	"*"	14	2.36114259127745	-0.362766789786214	-8.59132908688487	0.00452196382428941	0.0301950487621905	9227	9240	14	-0.174018864189064	"UC-N"	"hypo"
"59"	"chrX"	48827627	48827791	165	"*"	10	2.13057869486782	-0.56784526354481	-8.58758985137719	0.00452196382428941	0.0301950487621905	16950	16959	10	-0.249639894851231	"UC-N"	"hypo"
"60"	"chrX"	19424906	19425129	224	"*"	5	0.924930569173225	-0.51109541977534	-8.55908182297003	0.00452196382428941	0.0301950487621905	6082	6086	5	-0.226977915440303	"UC-N"	"hypo"
"61"	"chrX"	50067431	50067603	173	"*"	12	1.80937833461136	0.346779694341964	8.54066636748549	0.00452196382428941	0.0301950487621905	18464	18475	12	0.148456961330185	"UC-N"	"hyper"
"62"	"chrX"	9352841	9353031	191	"*"	9	1.91913045040328	-0.652796423358146	-8.49650162920755	0.00452196382428941	0.0301950487621905	1506	1514	9	-0.251714193208732	"UC-N"	"hypo"
"63"	"chrX"	106177533	106177619	87	"*"	11	2.43021005283826	-0.513610605371646	-8.47058875710814	0.00516795865633075	0.0334302325581395	35627	35637	11	-0.221250354421826	"UC-N"	"hypo"
"64"	"chrX"	154517476	154517673	198	"*"	7	1.83007528529585	0.771024724187523	8.44819755674815	0.00516795865633075	0.0334302325581395	55091	55097	7	0.31430360077787	"UC-N"	"hyper"
"65"	"chrX"	79456675	79457023	349	"*"	13	3.54864670205346	-0.542565755812578	-8.43061579179512	0.00581395348837209	0.0359250260326276	28951	28963	13	-0.246519859479495	"UC-N"	"hypo"
"66"	"chrX"	64204208	64204361	154	"*"	10	2.74439864795971	0.756058235122208	8.40651505327716	0.00581395348837209	0.0359250260326276	22552	22561	10	0.32907975300817	"UC-N"	"hyper"
"67"	"chrX"	3112463	3112595	133	"*"	7	1.72668599893547	-0.581518333961696	-8.40128584936179	0.00581395348837209	0.0359250260326276	318	324	7	-0.250855864435596	"UC-N"	"hypo"
"68"	"chrX"	130173357	130173542	186	"*"	8	1.79260719677044	-0.64165136393869	-8.28351872837936	0.00645994832041344	0.0382059800664452	44100	44107	8	-0.268225950024669	"UC-N"	"hypo"
"69"	"chrX"	68696016	68696366	351	"*"	5	1.03444369948305	-0.511307208693086	-8.20080154474562	0.00645994832041344	0.0382059800664452	23793	23797	5	-0.233463854071206	"UC-N"	"hypo"
"70"	"chrX"	73127521	73128357	837	"*"	20	2.78763742125424	-0.369357613488013	-8.19870280587315	0.00645994832041344	0.0382059800664452	26915	26934	20	-0.152879396893354	"UC-N"	"hypo"
"71"	"chrX"	108270884	108271028	145	"*"	7	1.91693040560792	-0.702561660174938	-8.15995544136767	0.00710594315245478	0.0382059800664452	36757	36763	7	-0.295864877822481	"UC-N"	"hypo"
"72"	"chrX"	151226776	151227105	330	"*"	12	1.26527391974841	-0.318701639047251	-8.10800085866398	0.00710594315245478	0.0382059800664452	52365	52376	12	-0.123690910774577	"UC-N"	"hypo"
"73"	"chrX"	23781658	23781687	30	"*"	6	1.11866214493187	-0.78128552870528	-8.09905423900817	0.00710594315245478	0.0382059800664452	7447	7452	6	-0.284706801520416	"UC-N"	"hypo"
"74"	"chrX"	112081855	112082006	152	"*"	29	3.8762470501341	-0.295639442701027	-8.08172760241256	0.00710594315245478	0.0382059800664452	37833	37861	29	-0.123132484143673	"UC-N"	"hypo"
"75"	"chrX"	115923555	115923858	304	"*"	11	2.18780368325244	-0.525885438668972	-8.05635673155747	0.00710594315245478	0.0382059800664452	38826	38836	11	-0.176973784315648	"UC-N"	"hypo"
"76"	"chrX"	12865630	12866997	1368	"*"	8	1.35406483536654	-0.452271025172349	-8.05576829874055	0.00710594315245478	0.0382059800664452	2800	2807	8	-0.191856438956834	"UC-N"	"hypo"
"77"	"chrX"	70177092	70177424	333	"*"	11	1.78137457430542	-0.452613562168928	-8.0426899106847	0.00710594315245478	0.0382059800664452	24705	24715	11	-0.187151729602756	"UC-N"	"hypo"
"78"	"chrX"	113546945	113547165	221	"*"	14	1.90244686129132	-0.411666548349632	-7.97166163251147	0.00839793281653747	0.0429227677289693	38107	38120	14	-0.154876231353581	"UC-N"	"hypo"
"79"	"chrX"	8122422	8122650	229	"*"	12	1.45313341074082	-0.360594632363585	-7.92596948693156	0.00839793281653747	0.0429227677289693	1184	1195	12	-0.127949169288937	"UC-N"	"hypo"
"80"	"chrX"	30218901	30218974	74	"*"	6	1.15855496809251	-0.495455813940419	-7.90992284668415	0.00839793281653747	0.0429227677289693	9366	9371	6	-0.206084749131566	"UC-N"	"hypo"
"81"	"chrX"	39860403	39860504	102	"*"	7	2.04928624487937	-0.696741045934711	-7.89434254671458	0.00839793281653747	0.0429227677289693	12313	12319	7	-0.293015081317599	"UC-N"	"hypo"
"82"	"chrX"	13377294	13377327	34	"*"	8	1.62048609179309	-0.475192460584884	-7.85808698718638	0.00904392764857881	0.0432229269438572	3066	3073	8	-0.198905963544996	"UC-N"	"hypo"
"83"	"chrX"	15750100	15750160	61	"*"	8	1.86629220449499	-0.648116297974469	-7.84562084323177	0.00904392764857881	0.0432229269438572	4496	4503	8	-0.263709998806176	"UC-N"	"hypo"
"84"	"chrX"	2968172	2968325	154	"*"	18	2.74461078381595	-0.408415782596084	-7.83740343891282	0.00904392764857881	0.0432229269438572	251	268	18	-0.18110518561575	"UC-N"	"hypo"
"85"	"chrX"	71108145	71108289	145	"*"	6	1.64504690794196	-0.773150568099545	-7.82765762761004	0.00904392764857881	0.0432229269438572	25346	25351	6	-0.329531703628227	"UC-N"	"hypo"
"86"	"chrX"	147896315	147896427	113	"*"	10	2.11279407340527	-0.630031535602005	-7.82337630888746	0.00904392764857881	0.0432229269438572	51083	51092	10	-0.283621157654031	"UC-N"	"hypo"
"87"	"chrX"	106917151	106918717	1567	"*"	6	1.36271384132675	-0.534863448327452	-7.72877145355751	0.00968992248062015	0.0432229269438572	35880	35885	6	-0.219029555308555	"UC-N"	"hypo"
"88"	"chrX"	53226021	53226173	153	"*"	7	1.97802747804734	0.586967585352261	7.69235897800723	0.00968992248062015	0.0432229269438572	20078	20084	7	0.254878880629445	"UC-N"	"hyper"
"89"	"chrX"	124346267	124346750	484	"*"	12	2.40382167663089	-0.509387231957766	-7.68909804190333	0.00968992248062015	0.0432229269438572	42635	42646	12	-0.188621762687639	"UC-N"	"hypo"
"90"	"chrX"	57908890	57909452	563	"*"	11	2.2015579662359	0.558319328598246	7.65989384163821	0.00968992248062015	0.0432229269438572	22160	22170	11	0.248094047083396	"UC-N"	"hyper"
"91"	"chrX"	40174715	40174774	60	"*"	5	1.06997670754207	-0.801326009756816	-7.60538992570377	0.00968992248062015	0.0432229269438572	12670	12674	5	-0.324187394742468	"UC-N"	"hypo"
"92"	"chrX"	48654998	48655180	183	"*"	16	3.23105182652643	0.423504033552873	7.60045759231454	0.00968992248062015	0.0432229269438572	16683	16698	16	0.192173340040449	"UC-N"	"hyper"
"93"	"chrX"	74485657	74485794	138	"*"	11	1.39399253673221	-0.415022997329911	-7.58148842367531	0.0103359173126615	0.0432229269438572	27473	27483	11	-0.132535095929335	"UC-N"	"hypo"
"94"	"chrX"	135596716	135596905	190	"*"	11	1.5962356218378	-0.463447637958647	-7.57685942725243	0.0103359173126615	0.0432229269438572	47079	47089	11	-0.1839485239816	"UC-N"	"hypo"
"95"	"chrX"	50814707	50814896	190	"*"	6	1.01433370481007	0.534965554141656	7.55189766940151	0.0103359173126615	0.0432229269438572	18798	18803	6	0.215481371553704	"UC-N"	"hyper"
"96"	"chrX"	66225529	66225908	380	"*"	13	2.47043077032063	-0.470463197282156	-7.53958965829835	0.0103359173126615	0.0432229269438572	23260	23272	13	-0.165446914810667	"UC-N"	"hypo"
"97"	"chrX"	40207874	40207896	23	"*"	6	1.50648824112698	-0.614951062040267	-7.52058362699724	0.0103359173126615	0.0432229269438572	12797	12802	6	-0.268674607077924	"UC-N"	"hypo"
"98"	"chrX"	123514365	123514432	68	"*"	20	4.56605484355026	0.499081359226176	7.50220005396958	0.0103359173126615	0.0432229269438572	42293	42312	20	0.209007109048394	"UC-N"	"hyper"
"99"	"chrX"	119150684	119151435	752	"*"	51	6.41044989736581	-0.309023487527845	-7.46710121121321	0.0103359173126615	0.0432229269438572	39744	39794	51	-0.146923889898912	"UC-N"	"hypo"
"100"	"chrX"	130385024	130385114	91	"*"	8	0.87017423335206	-0.463063004234459	-7.32411276015169	0.0109819121447028	0.0450149666129404	44317	44324	8	-0.190978477952771	"UC-N"	"hypo"
"101"	"chrX"	31265589	31265691	103	"*"	8	1.34033516579309	0.504281910195696	7.30623228295421	0.0109819121447028	0.0450149666129404	9884	9891	8	0.222330348626529	"UC-N"	"hyper"
"102"	"chrX"	18427989	18428102	114	"*"	10	1.62190091843122	-0.43118868836868	-7.24011057130885	0.0116279069767442	0.0462880143112701	5762	5771	10	-0.17778640764854	"UC-N"	"hypo"
"103"	"chrX"	44306476	44306624	149	"*"	8	1.74449761243426	0.506689091545262	7.23548259168801	0.0116279069767442	0.0462880143112701	13835	13842	8	0.226935135973145	"UC-N"	"hyper"
"104"	"chrX"	48683535	48683826	292	"*"	6	1.86129652757274	-0.685596691917818	-7.19875599639726	0.0116279069767442	0.0462880143112701	16781	16786	6	-0.318328899786338	"UC-N"	"hypo"
"105"	"chrX"	19340293	19340426	134	"*"	6	1.41716064764418	0.62644263812157	7.19111163296138	0.0122739018087855	0.0483942414174972	6012	6017	6	0.259006628694959	"UC-N"	"hyper"
"106"	"chrX"	72143418	72144252	835	"*"	13	1.79916732130495	-0.35872163793174	-7.08043554754263	0.0135658914728682	0.0514311270125224	26353	26365	13	-0.16406508546925	"UC-N"	"hypo"
"107"	"chrX"	101385462	101385809	348	"*"	7	1.39097666269483	-0.472147953238054	-7.06880018350858	0.0135658914728682	0.0514311270125224	32461	32467	7	-0.197681160844363	"UC-N"	"hypo"
"108"	"chrX"	12906147	12906579	433	"*"	11	1.77870812404201	-0.451113723067645	-7.04392434620384	0.0142118863049096	0.0514311270125224	2824	2834	11	-0.181805035901405	"UC-N"	"hypo"
"109"	"chrX"	85248830	85248903	74	"*"	6	1.22234385377677	0.514417142930197	7.03619756361288	0.0142118863049096	0.0514311270125224	30020	30025	6	0.21228274725508	"UC-N"	"hyper"
"110"	"chrX"	30234339	30234452	114	"*"	8	1.29688548594729	-0.391632446529329	-6.96702086559775	0.0148578811369509	0.0514311270125224	9384	9391	8	-0.171857869512773	"UC-N"	"hypo"
"111"	"chrX"	32156916	32156956	41	"*"	6	2.22105237352227	0.522781483598901	6.96440115150945	0.0148578811369509	0.0514311270125224	9977	9982	6	0.245096283890661	"UC-N"	"hyper"
"112"	"chrX"	135889261	135890255	995	"*"	12	1.80448841702032	-0.45174717018773	-6.93326590744233	0.0148578811369509	0.0514311270125224	47128	47139	12	-0.191474964976318	"UC-N"	"hypo"
"113"	"chrX"	139555529	139555585	57	"*"	12	2.3339575232591	-0.495990004320136	-6.92333703213047	0.0148578811369509	0.0514311270125224	49142	49153	12	-0.212039446639783	"UC-N"	"hypo"
"114"	"chrX"	47839840	47839960	121	"*"	9	2.01370267181837	0.514392174784492	6.91937386221035	0.0148578811369509	0.0514311270125224	15940	15948	9	0.238117850748835	"UC-N"	"hyper"
"115"	"chrX"	54995128	54995409	282	"*"	9	1.39244359885936	-0.407056762619962	-6.89898998279631	0.0148578811369509	0.0514311270125224	20972	20980	9	-0.150484132540823	"UC-N"	"hypo"
"116"	"chrX"	3343703	3343770	68	"*"	12	1.47892135517858	-0.478788852971901	-6.85645651461318	0.0148578811369509	0.0514311270125224	396	407	12	-0.17455985092885	"UC-N"	"hypo"
"117"	"chrX"	67543494	67543518	25	"*"	6	0.659174869718105	0.562090145146423	6.83795024451543	0.0148578811369509	0.0514311270125224	23328	23333	6	0.252770495479845	"UC-N"	"hyper"
"118"	"chrX"	17968177	17968294	118	"*"	5	1.08777951480146	0.522093350137355	6.81850764630869	0.0155038759689922	0.0514311270125224	5577	5581	5	0.216740163825106	"UC-N"	"hyper"
"119"	"chrX"	150226772	150227756	985	"*"	9	1.51897301041104	-0.386410125536344	-6.81644967282554	0.0155038759689922	0.0514311270125224	51791	51799	9	-0.167166149785542	"UC-N"	"hypo"
"120"	"chrX"	40085093	40085211	119	"*"	18	2.82490283218103	0.483162445467291	6.8131689216893	0.0155038759689922	0.0514311270125224	12435	12452	18	0.236822062121887	"UC-N"	"hyper"
"121"	"chrX"	114906736	114906897	162	"*"	18	2.22262681339914	-0.345454115585471	-6.77939541988643	0.0161498708010336	0.0514311270125224	38478	38495	18	-0.116680916659502	"UC-N"	"hypo"
"122"	"chrX"	101219554	101220136	583	"*"	17	2.1833067313624	-0.28328812033676	-6.66682854327799	0.0161498708010336	0.0514311270125224	32266	32282	17	-0.136823799730763	"UC-N"	"hypo"
"123"	"chrX"	74987021	74987198	178	"*"	6	0.949796591456146	-0.475323135262966	-6.66176723432378	0.0161498708010336	0.0514311270125224	27671	27676	6	-0.188594554702268	"UC-N"	"hypo"
"124"	"chrX"	115560023	115560387	365	"*"	11	1.87374431747499	0.399560971793369	6.65285095891769	0.0161498708010336	0.0514311270125224	38754	38764	11	0.177305618316593	"UC-N"	"hyper"
"125"	"chrX"	28659380	28659444	65	"*"	9	1.54400129195126	-0.388340396085107	-6.64019345740185	0.0161498708010336	0.0514311270125224	9280	9288	9	-0.163496400400992	"UC-N"	"hypo"
"126"	"chrX"	15738755	15738841	87	"*"	10	1.70039620122779	-0.508279318510285	-6.63684023064399	0.0161498708010336	0.0514311270125224	4486	4495	10	-0.209223475451901	"UC-N"	"hypo"
"127"	"chrX"	72079747	72079836	90	"*"	7	1.67952513639945	-0.583387305970668	-6.61207588927068	0.0161498708010336	0.0514311270125224	26307	26313	7	-0.234823046022986	"UC-N"	"hypo"
"128"	"chrX"	129841064	129841143	80	"*"	6	1.19170242417685	0.553686838905739	6.59268879093612	0.0161498708010336	0.0514311270125224	43609	43614	6	0.232101926638573	"UC-N"	"hyper"
"129"	"chrX"	93429961	93430227	267	"*"	12	1.58880168138697	-0.395460696375468	-6.59006912952008	0.0161498708010336	0.0514311270125224	31048	31059	12	-0.132650446504613	"UC-N"	"hypo"
"130"	"chrX"	103106335	103106545	211	"*"	12	2.18495152661771	-0.432151517177649	-6.58941905839858	0.0161498708010336	0.0514311270125224	33852	33863	12	-0.18764474152868	"UC-N"	"hypo"
"131"	"chrX"	136768651	136768817	167	"*"	9	2.12549847977296	-0.566215481131364	-6.55799174625523	0.0167958656330749	0.0517629407351838	47810	47818	9	-0.257912564862044	"UC-N"	"hypo"
"132"	"chrX"	10589713	10589955	243	"*"	12	1.63810503049141	-0.458555399107486	-6.55505192523877	0.0167958656330749	0.0517629407351838	2040	2051	12	-0.156550990690675	"UC-N"	"hypo"
"133"	"chrX"	103584508	103584561	54	"*"	7	1.23406897864523	0.450013836082027	6.55150862862625	0.0167958656330749	0.0517629407351838	34290	34296	7	0.198002058363011	"UC-N"	"hyper"
"134"	"chrX"	115592679	115592807	129	"*"	8	1.18830256900723	0.399233400850212	6.52987829596217	0.0167958656330749	0.0517629407351838	38784	38791	8	0.181484177903264	"UC-N"	"hyper"
"135"	"chrX"	85379428	85379764	337	"*"	15	2.13912357867854	0.265560885352255	6.49716747959112	0.0174418604651163	0.0517629407351838	30037	30051	15	0.12362088357954	"UC-N"	"hyper"
"136"	"chrX"	53000545	53000796	252	"*"	20	2.50002164613052	-0.371423376572304	-6.46277807925999	0.0174418604651163	0.0517629407351838	19803	19822	20	-0.151992338825657	"UC-N"	"hypo"
"137"	"chrX"	103096736	103097054	319	"*"	18	2.03229148540366	-0.291325462146211	-6.44705345331474	0.0174418604651163	0.0517629407351838	33834	33851	18	-0.113502891342742	"UC-N"	"hypo"
"138"	"chrX"	8532838	8533036	199	"*"	9	1.00592526856219	-0.374292861361558	-6.42315461686831	0.0174418604651163	0.0517629407351838	1291	1299	9	-0.12705044915439	"UC-N"	"hypo"
"139"	"chrX"	80014151	80014727	577	"*"	8	1.35654647129045	-0.424070224185976	-6.37941229733019	0.0180878552971576	0.0517629407351838	29007	29014	8	-0.196068905529944	"UC-N"	"hypo"
"140"	"chrX"	77453390	77453944	555	"*"	6	0.856660859144294	-0.354239932224751	-6.36304670175553	0.0180878552971576	0.0517629407351838	28304	28309	6	-0.132476229905575	"UC-N"	"hypo"
"141"	"chrX"	18992945	18993094	150	"*"	7	1.41435091443304	0.469377865829713	6.36178326653387	0.0180878552971576	0.0517629407351838	5965	5971	7	0.194013318618508	"UC-N"	"hyper"
"142"	"chrX"	153596028	153596119	92	"*"	5	1.35953210962896	0.719985367786563	6.34533219303593	0.0180878552971576	0.0517629407351838	53746	53750	5	0.301989893661933	"UC-N"	"hyper"
"143"	"chrX"	112844259	112844329	71	"*"	6	1.19835295557617	-0.448697898756891	-6.31530454701976	0.0180878552971576	0.0517629407351838	38053	38058	6	-0.178190821931033	"UC-N"	"hypo"
"144"	"chrX"	145820289	145820545	257	"*"	6	0.927276716159568	-0.406895328316487	-6.29588135678369	0.018733850129199	0.0517629407351838	50718	50723	6	-0.175754678531686	"UC-N"	"hypo"
"145"	"chrX"	136210407	136210439	33	"*"	6	1.15873670204019	-0.517775536133206	-6.26988969189374	0.018733850129199	0.0517629407351838	47527	47532	6	-0.222670795563255	"UC-N"	"hypo"
"146"	"chrX"	121047966	121048266	301	"*"	31	3.45115360315678	-0.256358105162902	-6.26971759377457	0.018733850129199	0.0517629407351838	42083	42113	31	-0.106337141942702	"UC-N"	"hypo"
"147"	"chrX"	3066758	3066945	188	"*"	10	1.1305328547265	0.299890610055263	6.24791325934426	0.0193798449612403	0.0517629407351838	299	308	10	0.115999111206979	"UC-N"	"hyper"
"148"	"chrX"	19119604	19119859	256	"*"	9	1.80188316330626	-0.385593617882224	-6.2282015066809	0.0193798449612403	0.0517629407351838	5978	5986	9	-0.162942659249724	"UC-N"	"hypo"
"149"	"chrX"	32155398	32155444	47	"*"	6	1.28462505006611	-0.471395533852566	-6.19231240424789	0.0193798449612403	0.0517629407351838	9971	9976	6	-0.219347010735755	"UC-N"	"hypo"
"150"	"chrX"	89734298	89734497	200	"*"	7	0.95961017554594	-0.384423515241619	-6.18383876379237	0.0193798449612403	0.0517629407351838	30487	30493	7	-0.155344428329929	"UC-N"	"hypo"
"151"	"chrX"	68647288	68647421	134	"*"	9	1.27417660606465	0.382349687112228	6.18113587876133	0.0193798449612403	0.0517629407351838	23720	23728	9	0.149260891436662	"UC-N"	"hyper"
"152"	"chrX"	126553029	126553737	709	"*"	18	1.89814933044225	-0.280753803926397	-6.1804423716804	0.0193798449612403	0.0517629407351838	43218	43235	18	-0.103899235677734	"UC-N"	"hypo"
"153"	"chrX"	152991685	152992763	1079	"*"	8	1.37239082301594	-0.36177522410303	-6.17294545095717	0.0193798449612403	0.0517629407351838	53334	53341	8	-0.143153148614903	"UC-N"	"hypo"
"154"	"chrX"	38352337	38352674	338	"*"	12	2.24250566076769	0.417111958996341	6.1725206079897	0.0193798449612403	0.0517629407351838	11983	11994	12	0.182790724814919	"UC-N"	"hyper"
"155"	"chrX"	138618587	138618770	184	"*"	7	1.05286753622782	-0.359554678294721	-6.16985078621503	0.0193798449612403	0.0517629407351838	48718	48724	7	-0.149726257757624	"UC-N"	"hypo"
"156"	"chrX"	8002253	8002318	66	"*"	5	0.82446666267922	-0.503214852536244	-6.16454995595633	0.0200258397932817	0.0531454979129398	1151	1155	5	-0.186928925427575	"UC-N"	"hypo"
"157"	"chrX"	103330107	103330355	249	"*"	17	1.75741275307068	-0.240999551737304	-6.14256279813738	0.020671834625323	0.0541654400942008	34060	34076	17	-0.108674959540649	"UC-N"	"hypo"
"158"	"chrX"	15602919	15603061	143	"*"	8	1.11266387922729	-0.3118566566519	-6.13142782633666	0.020671834625323	0.0541654400942008	4250	4257	8	-0.113220623491303	"UC-N"	"hypo"
"159"	"chrX"	18441758	18442405	648	"*"	9	1.24312684804355	-0.395856951529403	-6.11764333511153	0.0213178294573643	0.055506801228609	5781	5789	9	-0.142163898968514	"UC-N"	"hypo"
"160"	"chrX"	37505690	37505800	111	"*"	5	0.707839231587665	-0.4475733870306	-6.09243915064821	0.0219638242894057	0.0568313953488372	11375	11379	5	-0.182451523374453	"UC-N"	"hypo"
"161"	"chrX"	106692708	106693892	1185	"*"	9	1.85326754796776	0.368205074944517	6.07618930270866	0.0245478036175711	0.0627332759115705	35741	35749	9	0.169766027364546	"UC-N"	"hyper"
"162"	"chrX"	15314423	15314674	252	"*"	7	1.07638370888039	-0.410767503609801	-6.07468285183213	0.0245478036175711	0.0627332759115705	3968	3974	7	-0.132415343373938	"UC-N"	"hypo"
"163"	"chrX"	107980891	107981007	117	"*"	5	0.747044681621672	-0.408931559356076	-6.00352148978893	0.0277777777777778	0.0705521472392638	36568	36572	5	-0.142027450867501	"UC-N"	"hypo"
"164"	"chrX"	27157034	27157146	113	"*"	9	1.61778557172173	-0.463028727248676	-5.97408208140057	0.0284237726098191	0.0717526942711288	8962	8970	9	-0.164668391372902	"UC-N"	"hypo"
"165"	"chrX"	11661381	11661472	92	"*"	6	0.984253990953208	-0.34985701588443	-5.94254646028247	0.0297157622739018	0.0730800432666306	2390	2395	6	-0.159415692582685	"UC-N"	"hypo"
"166"	"chrX"	27981555	27981737	183	"*"	11	1.15847550741672	-0.288307823046222	-5.94122423637752	0.0297157622739018	0.0730800432666306	9191	9201	11	-0.101258902998424	"UC-N"	"hypo"
"167"	"chrX"	111270563	111270660	98	"*"	6	1.00819304781036	0.418044950027256	5.91972248244025	0.0303617571059432	0.0730800432666306	37637	37642	6	0.157798648289433	"UC-N"	"hyper"
"168"	"chrX"	119696483	119696572	90	"*"	7	1.07193469814199	-0.506397722342554	-5.91491906352023	0.0303617571059432	0.0730800432666306	40526	40532	7	-0.1757938317533	"UC-N"	"hypo"
"169"	"chrX"	54799455	54799496	42	"*"	6	2.13050886772338	-0.344811384299213	-5.91136100939685	0.0303617571059432	0.0730800432666306	20836	20841	6	-0.127135779317848	"UC-N"	"hypo"
"170"	"chrX"	65488699	65488807	109	"*"	8	1.35408311304665	-0.347327540449961	-5.89776217682587	0.0303617571059432	0.0730800432666306	22923	22930	8	-0.149111523358878	"UC-N"	"hypo"
"171"	"chrX"	137545777	137545860	84	"*"	16	2.60346551165975	-0.422679728905258	-5.87653291982328	0.0303617571059432	0.0730800432666306	48335	48350	16	-0.166501699529692	"UC-N"	"hypo"
"172"	"chrX"	152392908	152394485	1578	"*"	16	1.90726034329923	-0.24144480065444	-5.8384320572543	0.0303617571059432	0.0730800432666306	52795	52810	16	-0.132770976960512	"UC-N"	"hypo"
"173"	"chrX"	100636093	100636213	121	"*"	7	1.51760366548707	0.492227233077529	5.82982442909317	0.0310077519379845	0.0742035219787606	31709	31715	7	0.205256162002754	"UC-N"	"hyper"
"174"	"chrX"	54042666	54042786	121	"*"	17	2.2327989494792	0.466542445431689	5.80766934315859	0.0316537467700258	0.0753140871424753	20525	20541	17	0.0895437434382696	"UC-N"	"hyper"
"175"	"chrX"	129590305	129590406	102	"*"	6	1.08561814660829	-0.462097347882233	-5.79915170703133	0.0322997416020672	0.0764119601328904	43474	43479	6	-0.179129728360713	"UC-N"	"hypo"
"176"	"chrX"	120618121	120618249	129	"*"	5	0.821647671262759	-0.376291460233838	-5.77728015127495	0.0335917312661499	0.0776926075094193	41916	41920	5	-0.163444455022153	"UC-N"	"hypo"
"177"	"chrX"	139832412	139833258	847	"*"	5	0.873717466195732	0.409661103454862	5.76694658494348	0.0335917312661499	0.0776926075094193	49244	49248	5	0.163458835760413	"UC-N"	"hyper"
"178"	"chrX"	129738026	129738178	153	"*"	5	0.793283949086466	-0.344255538488293	-5.75413256323836	0.0335917312661499	0.0776926075094193	43552	43556	5	-0.168439814430621	"UC-N"	"hypo"
"179"	"chrX"	99371502	99372382	881	"*"	16	2.7527395427419	-0.419964989948105	-5.75256271575752	0.0335917312661499	0.0776926075094193	31378	31393	16	-0.171056262532735	"UC-N"	"hypo"
"180"	"chrX"	69697106	69697249	144	"*"	9	1.04024214290707	-0.426385599665177	-5.74049032476962	0.0342377260981912	0.0778814209046767	24439	24447	9	-0.130989014663712	"UC-N"	"hypo"
"181"	"chrX"	120734881	120735539	659	"*"	13	1.53590611070958	-0.273453777607005	-5.73547909442301	0.0342377260981912	0.0778814209046767	42026	42038	13	-0.105946984549292	"UC-N"	"hypo"
"182"	"chrX"	86048423	86048481	59	"*"	5	0.786353577852839	-0.406289183080791	-5.72831820383874	0.0342377260981912	0.0778814209046767	30146	30150	5	-0.145262776862756	"UC-N"	"hypo"
"183"	"chrX"	7703887	7703955	69	"*"	7	0.824864489077031	-0.391220547392296	-5.70243382817157	0.0348837209302326	0.0789172703011818	1006	1012	7	-0.150291547969491	"UC-N"	"hypo"
"184"	"chrX"	40179572	40179668	97	"*"	6	0.917393039490667	-0.456146716266053	-5.68740713433657	0.0355297157622739	0.0790822705676419	12737	12742	6	-0.192513806992045	"UC-N"	"hypo"
"185"	"chrX"	68693301	68693517	217	"*"	11	1.48526299278174	-0.432893742165858	-5.67792690399669	0.0355297157622739	0.0790822705676419	23773	23783	11	-0.164620038187042	"UC-N"	"hypo"
"186"	"chrX"	78350282	78350399	118	"*"	8	1.10284993246653	-0.344067908767868	-5.67168108388142	0.0355297157622739	0.0790822705676419	28810	28817	8	-0.109743448256478	"UC-N"	"hypo"
"187"	"chrX"	108733673	108734529	857	"*"	10	1.44787489748373	-0.375084299774633	-5.65379327726903	0.0361757105943152	0.0792420327304048	36920	36929	10	-0.141171951955606	"UC-N"	"hypo"
"188"	"chrX"	147773330	147773368	39	"*"	8	0.847257578640928	-0.347244611872268	-5.62483723199486	0.0361757105943152	0.0792420327304048	51057	51064	8	-0.110214019864171	"UC-N"	"hypo"
"189"	"chrX"	145858414	145858541	128	"*"	7	0.8760560362979	-0.37128149915464	-5.62053424202185	0.0361757105943152	0.0792420327304048	50764	50770	7	-0.132927661572056	"UC-N"	"hypo"
"190"	"chrX"	116436527	116436729	203	"*"	9	1.88401897549016	0.407276778850222	5.60472351583982	0.039405684754522	0.0854133690490686	38892	38900	9	0.19508294897995	"UC-N"	"hyper"
"191"	"chrX"	119308956	119309072	117	"*"	10	1.09171109737634	-0.325073587117266	-5.6029582944461	0.039405684754522	0.0854133690490686	40002	40011	10	-0.117011679691977	"UC-N"	"hypo"
"192"	"chrX"	28322606	28322702	97	"*"	6	0.795705257157757	-0.386955615508495	-5.55587020454722	0.0400516795865633	0.0863614341085271	9214	9219	6	-0.15015681475814	"UC-N"	"hypo"
"193"	"chrX"	22274228	22274423	196	"*"	7	0.752961904451873	-0.297086344931563	-5.54385936864203	0.0419896640826873	0.0900710929027594	7124	7130	7	-0.130998953441925	"UC-N"	"hypo"
"194"	"chrX"	115615052	115615163	112	"*"	9	1.30437030022251	-0.296960612044052	-5.5267458777747	0.04328165374677	0.0923639415008391	38802	38810	9	-0.130824297756387	"UC-N"	"hypo"
"195"	"chrX"	19513570	19514135	566	"*"	9	1.38135590623943	0.411425041419188	5.46541680173374	0.0458656330749354	0.0963876755991028	6095	6103	9	0.190229372471781	"UC-N"	"hyper"
"196"	"chrX"	75904656	75904960	305	"*"	9	1.31807355716336	-0.365501285159919	-5.46523267671619	0.0458656330749354	0.0963876755991028	28044	28052	9	-0.146554548523074	"UC-N"	"hypo"
"197"	"chrX"	153887068	153887147	80	"*"	9	1.57707966911449	0.409360890840043	5.43672998291048	0.0458656330749354	0.0963876755991028	54198	54206	9	0.156419700876864	"UC-N"	"hyper"
"198"	"chrX"	47575003	47575114	112	"*"	5	0.984460740352071	0.541327766771599	5.42678124339071	0.0465116279069767	0.0967628841883838	15514	15518	5	0.266783028454292	"UC-N"	"hyper"
"199"	"chrX"	50013443	50014937	1495	"*"	9	1.31456615256618	-0.36390195125899	-5.41458817943614	0.0465116279069767	0.0967628841883838	18453	18461	9	-0.145273536288794	"UC-N"	"hypo"
"200"	"chrX"	118821317	118821439	123	"*"	5	0.677164094484386	-0.353908678368947	-5.40571399926762	0.0471576227390181	0.0971306259400671	39453	39457	5	-0.118523998986086	"UC-N"	"hypo"
"201"	"chrX"	103500886	103501425	540	"*"	13	1.43753478138028	-0.298656106883646	-5.39560705696595	0.0471576227390181	0.0971306259400671	34236	34248	13	-0.115307246146745	"UC-N"	"hypo"
"202"	"chrX"	119027480	119027658	179	"*"	5	0.722263501456131	-0.393781338130791	-5.35643596050729	0.0497416020671835	0.101945659682247	39684	39688	5	-0.149770105571715	"UC-N"	"hypo"
"203"	"chrX"	57593043	57593691	649	"*"	17	2.52743683717625	0.352063249785611	5.34716270321911	0.0503875968992248	0.102257181942544	22133	22149	17	0.176394199438099	"UC-N"	"hyper"
"204"	"chrX"	132956113	132956799	687	"*"	9	2.27015436926069	-0.568091314689631	-5.33549282086875	0.0503875968992248	0.102257181942544	45148	45156	9	-0.245894565696238	"UC-N"	"hypo"
"205"	"chrX"	15789017	15789166	150	"*"	6	0.638105123304336	0.332106271365569	5.26233760748309	0.0542635658914729	0.108527131782946	4510	4515	6	0.130588230312921	"UC-N"	"hyper"
"206"	"chrX"	74422599	74423018	420	"*"	12	1.41458810093081	-0.40571072392951	-5.25672703786295	0.0542635658914729	0.108527131782946	27447	27458	12	-0.173579118507862	"UC-N"	"hypo"
"207"	"chrX"	131850983	131851131	149	"*"	6	0.922761959985462	-0.508180019388171	-5.25275677694735	0.0542635658914729	0.108527131782946	44795	44800	6	-0.203980175400456	"UC-N"	"hypo"
"208"	"chrX"	50910526	50910965	440	"*"	10	1.19383232861214	-0.330812795100431	-5.224254262752	0.0562015503875969	0.111862701252236	18850	18859	10	-0.128701676956397	"UC-N"	"hypo"
"209"	"chrX"	78747750	78747850	101	"*"	7	1.07412934107569	0.36981966786631	5.21797286425577	0.0568475452196382	0.112607099143207	28872	28878	7	0.169756350261342	"UC-N"	"hyper"
"210"	"chrX"	79530721	79530885	165	"*"	7	1.00998285762919	-0.326176952330459	-5.21106323426144	0.0574935400516796	0.113344407530454	28970	28976	7	-0.129645627471796	"UC-N"	"hypo"
"211"	"chrX"	84974960	84975092	133	"*"	6	0.690504563365373	-0.524002283293217	-5.16139545673778	0.062015503875969	0.121679709026783	29847	29852	6	-0.155654128960699	"UC-N"	"hypo"
"212"	"chrX"	31069148	31069232	85	"*"	6	0.993805524967157	-0.417640289492178	-5.15645538886079	0.0626614987080103	0.122367266344888	9829	9834	6	-0.179852634428162	"UC-N"	"hypo"
"213"	"chrX"	34386384	34386442	59	"*"	6	0.817750594431491	-0.313605551331489	-5.14736109209506	0.0633074935400517	0.123048367725734	10355	10360	6	-0.116519693408424	"UC-N"	"hypo"
"214"	"chrX"	11139395	11139490	96	"*"	6	1.07862928279952	-0.458093857963265	-5.14012224238217	0.0645994832041344	0.124972831993045	2243	2248	6	-0.176885666969812	"UC-N"	"hypo"
"215"	"chrX"	48835950	48836049	100	"*"	12	1.8282722370171	0.311998820639337	5.12934859557747	0.0658914728682171	0.126879394267171	17010	17021	12	0.129385439416058	"UC-N"	"hyper"
"216"	"chrX"	64226164	64226765	602	"*"	6	0.927926470645902	-0.405763618102549	-5.09717401070753	0.0684754521963824	0.131244616709733	22610	22615	6	-0.144842490888373	"UC-N"	"hypo"
"217"	"chrX"	132961990	132962122	133	"*"	8	0.917851419215418	-0.330667151880654	-5.03440159234474	0.0710594315245478	0.135569606687386	45218	45225	8	-0.124594820074725	"UC-N"	"hypo"
"218"	"chrX"	123490139	123490229	91	"*"	6	0.968689010599705	-0.358178100440524	-5.00453266331872	0.0723514211886305	0.137239902080783	42285	42290	6	-0.12680773140985	"UC-N"	"hypo"
"219"	"chrX"	136494377	136494610	234	"*"	10	1.37534765060587	-0.279144585388466	-4.9970860807226	0.0729974160206718	0.137239902080783	47600	47609	10	-0.0899843262006568	"UC-N"	"hypo"
"220"	"chrX"	131544359	131544438	80	"*"	6	2.48415959910348	-0.37258014429181	-4.99677188779758	0.0729974160206718	0.137239902080783	44718	44723	6	-0.137722526743171	"UC-N"	"hypo"
"221"	"chrX"	146865849	146865911	63	"*"	5	0.594952681293136	-0.427458252128259	-4.97250567908153	0.0742894056847545	0.137239902080783	50928	50932	5	-0.144826423609638	"UC-N"	"hypo"
"222"	"chrX"	51892306	51892326	21	"*"	6	0.687557520122486	0.456510493118709	4.95952435497015	0.0742894056847545	0.137239902080783	19449	19454	6	0.194265342913794	"UC-N"	"hyper"
"223"	"chrX"	49923704	49923770	67	"*"	8	1.3858778183412	0.353749672170487	4.94376416330457	0.0749354005167959	0.137239902080783	18383	18390	8	0.194917618260101	"UC-N"	"hyper"
"224"	"chrX"	133044391	133044436	46	"*"	6	0.722467598701811	-0.446527400840508	-4.93906084769658	0.0755813953488372	0.137239902080783	45228	45233	6	-0.128918610454785	"UC-N"	"hypo"
"225"	"chrX"	116463584	116463810	227	"*"	8	1.12548420464443	-0.328343776795335	-4.93850813917886	0.0755813953488372	0.137239902080783	38942	38949	8	-0.11913876276868	"UC-N"	"hypo"
"226"	"chrX"	65408277	65408342	66	"*"	5	1.0851949935132	0.443162184676373	4.92607074974879	0.0755813953488372	0.137239902080783	22908	22912	5	0.181598948179401	"UC-N"	"hyper"
"227"	"chrX"	92113907	92114041	135	"*"	7	0.984317674570793	-0.356211809837177	-4.92134203297783	0.0755813953488372	0.137239902080783	30944	30950	7	-0.131023864798025	"UC-N"	"hypo"
"228"	"chrX"	10176958	10177030	73	"*"	5	0.76749196804548	0.384744891757213	4.91798831284091	0.0755813953488372	0.137239902080783	1992	1996	5	0.175050802384692	"UC-N"	"hyper"
"229"	"chrX"	151959750	151959833	84	"*"	6	0.641764386635598	-0.312736716755132	-4.89724965588785	0.0775193798449612	0.140144206357266	52667	52672	6	-0.116754180872825	"UC-N"	"hypo"
"230"	"chrX"	152941197	152941264	68	"*"	6	0.818266878052674	-0.421222999761646	-4.89065029293611	0.0781653746770026	0.140697674418605	53232	53237	6	-0.162915805421519	"UC-N"	"hypo"
"231"	"chrX"	107204271	107204427	157	"*"	6	1.23846240780429	0.471570452842827	4.88064697170692	0.0794573643410853	0.141790296712109	36046	36051	6	0.194880488160571	"UC-N"	"hyper"
"232"	"chrX"	136148454	136148596	143	"*"	14	1.48185878298303	-0.282704706889321	-4.87719165721286	0.0794573643410853	0.141790296712109	47439	47452	14	-0.11876012366536	"UC-N"	"hypo"
"233"	"chrX"	106035689	106036576	888	"*"	5	0.615579752834416	-0.35227039828739	-4.87197559008512	0.080749354005168	0.143477392953389	35598	35602	5	-0.151061120232849	"UC-N"	"hypo"
"234"	"chrX"	68840337	68840514	178	"*"	13	2.28954369994153	-0.459513466489166	-4.85379213157835	0.0820413436692506	0.143919984233346	23969	23981	13	-0.16043656481165	"UC-N"	"hypo"
"235"	"chrX"	15384995	15385631	637	"*"	5	0.686867184607945	-0.383498856279213	-4.85065830402604	0.0820413436692506	0.143919984233346	4112	4116	5	-0.153573947097363	"UC-N"	"hypo"
"236"	"chrX"	47637993	47638058	66	"*"	5	1.28945970396036	-0.582329452074864	-4.83973503095339	0.0820413436692506	0.143919984233346	15664	15668	5	-0.253137395357055	"UC-N"	"hypo"
"237"	"chrX"	147021116	147021154	39	"*"	5	0.671252323106481	-0.433802993876709	-4.81676741506606	0.0839793281653747	0.145978682170543	50982	50986	5	-0.174549469069673	"UC-N"	"hypo"
"238"	"chrX"	101552811	101552903	93	"*"	17	1.85865286132006	-0.202816892155309	-4.81328102104613	0.0839793281653747	0.145978682170543	32752	32768	17	-0.0534878511374217	"UC-N"	"hypo"
"239"	"chrX"	90995264	90995324	61	"*"	5	0.976309110659045	-0.483034520151768	-4.79746885449343	0.084625322997416	0.145978682170543	30726	30730	5	-0.199027738747161	"UC-N"	"hypo"
"240"	"chrX"	16946154	16946232	79	"*"	7	1.49823338155795	0.388841485919868	4.79658917367845	0.084625322997416	0.145978682170543	5156	5162	7	0.17326576822746	"UC-N"	"hyper"
"241"	"chrX"	90617922	90618054	133	"*"	7	1.14658608660939	-0.474274641356259	-4.72622245035247	0.0878552971576227	0.150921547814339	30665	30671	7	-0.164613332287227	"UC-N"	"hypo"
"242"	"chrX"	151393182	151393225	44	"*"	6	0.828435475939288	-0.376815846782294	-4.68575529715931	0.0936692506459948	0.15828191741813	52387	52392	6	-0.128953024446894	"UC-N"	"hypo"
"243"	"chrX"	46834640	46834703	64	"*"	5	0.886120120428201	0.4591099032025	4.68308530118715	0.0936692506459948	0.15828191741813	14758	14762	5	0.201330047781841	"UC-N"	"hyper"
"244"	"chrX"	25805298	25806125	828	"*"	6	1.24444764091098	-0.484551646698894	-4.68209710785471	0.0936692506459948	0.15828191741813	8695	8700	6	-0.183981139296855	"UC-N"	"hypo"
"245"	"chrX"	37490822	37491417	596	"*"	7	0.852426437215823	-0.348911550521586	-4.67924785525177	0.0936692506459948	0.15828191741813	11286	11292	7	-0.128676546821099	"UC-N"	"hypo"
"246"	"chrX"	88863750	88863774	25	"*"	5	0.517298554859902	-0.438855886377378	-4.64224293368607	0.0988372093023256	0.165405809283646	30434	30438	5	-0.133217084284567	"UC-N"	"hypo"
"247"	"chrX"	101187916	101188161	246	"*"	5	0.868713007629344	0.404502073483516	4.63570681443359	0.0994832041343669	0.165405809283646	32227	32231	5	0.175147745885995	"UC-N"	"hyper"
"248"	"chrX"	105819993	105820173	181	"*"	5	0.79981339925749	-0.326633147283824	-4.63345728211452	0.0994832041343669	0.165405809283646	35534	35538	5	-0.155065660014938	"UC-N"	"hypo"
"249"	"chrX"	16948463	16948770	308	"*"	6	0.861948090461401	0.313929416076372	4.62083518639119	0.0994832041343669	0.165405809283646	5182	5187	6	0.162734528973678	"UC-N"	"hyper"
"250"	"chrX"	40922516	40922665	150	"*"	6	0.68537040093893	0.333631929041409	4.59873690375368	0.102067183462532	0.169023255813953	13156	13161	6	0.13468684607959	"UC-N"	"hyper"
"251"	"chrX"	154018190	154018310	121	"*"	5	0.713969258678812	-0.509781239743606	-4.58196959357962	0.106589147286822	0.174148188209843	54370	54374	5	-0.167687174853528	"UC-N"	"hypo"
"252"	"chrX"	55074820	55074869	50	"*"	5	0.638674224707947	-0.337295121059233	-4.57322617568014	0.107235142118863	0.174148188209843	21116	21120	5	-0.141248219409448	"UC-N"	"hypo"
"253"	"chrX"	109734015	109734076	62	"*"	6	0.777029846767538	0.339587944054356	4.56967225562946	0.107881136950904	0.174148188209843	37224	37229	6	0.139400309628167	"UC-N"	"hyper"
"254"	"chrX"	151715859	151716190	332	"*"	6	1.10826516814829	-0.387647830997117	-4.5657444349584	0.108527131782946	0.174148188209843	52591	52596	6	-0.140119229426883	"UC-N"	"hypo"
"255"	"chrX"	118726827	118726967	141	"*"	5	0.687503559129522	0.291944873902291	4.56233522572213	0.108527131782946	0.174148188209843	39394	39398	5	0.132479519531921	"UC-N"	"hyper"
"256"	"chrX"	70435185	70435395	211	"*"	8	0.893749126881663	-0.355943415492877	-4.55985690167903	0.108527131782946	0.174148188209843	24964	24971	8	-0.158665555410065	"UC-N"	"hypo"
"257"	"chrX"	132439463	132439584	122	"*"	6	0.943185720227028	-0.311405962081304	-4.55477256671815	0.108527131782946	0.174148188209843	45057	45062	6	-0.148726923903079	"UC-N"	"hypo"
"258"	"chrX"	100874192	100874637	446	"*"	7	1.18740991630247	0.303647554634724	4.55426294837191	0.108527131782946	0.174148188209843	32002	32008	7	0.154093386867385	"UC-N"	"hyper"
"259"	"chrX"	38806955	38807005	51	"*"	6	0.913649381171848	0.339306925874419	4.52788593399112	0.11046511627907	0.176573583550328	12158	12163	6	0.135289189036044	"UC-N"	"hyper"
"260"	"chrX"	43766829	43766903	75	"*"	5	0.822617877151808	-0.376487567260673	-4.52334445970024	0.111757105943152	0.17726989218569	13705	13709	5	-0.146804586671711	"UC-N"	"hypo"
"261"	"chrX"	70267347	70267926	580	"*"	5	0.724292001144275	-0.374658038438767	-4.51885404468442	0.111757105943152	0.17726989218569	24747	24751	5	-0.142737399150846	"UC-N"	"hypo"
"262"	"chrX"	56221593	56221734	142	"*"	9	2.01878452189377	-0.484578698637801	-4.49655199028273	0.113695090439276	0.179655600923132	21691	21699	9	-0.169794017540859	"UC-N"	"hypo"
"263"	"chrX"	70423976	70424046	71	"*"	7	2.28225680524935	0.685259867256586	4.48815613713385	0.114987080103359	0.181006278185516	24907	24913	7	0.326662159683971	"UC-N"	"hyper"
"264"	"chrX"	40149933	40151216	1284	"*"	17	2.2094143996188	-0.306590553920764	-4.46821083389265	0.117571059431525	0.184372797744891	12565	12581	17	-0.133725186832675	"UC-N"	"hypo"
"265"	"chrX"	107451398	107451484	87	"*"	5	0.651851977544069	-0.451608015885068	-4.44946068541211	0.119509043927649	0.185612634501909	36254	36258	5	-0.190404792021544	"UC-N"	"hypo"
"266"	"chrX"	23785983	23786124	142	"*"	5	0.964058539063893	0.413879585454919	4.43832577850878	0.12015503875969	0.185612634501909	7519	7523	5	0.18104199895649	"UC-N"	"hyper"
"267"	"chrX"	72019039	72019063	25	"*"	5	0.735913707425621	0.454200206914258	4.43788018892652	0.12015503875969	0.185612634501909	26265	26269	5	0.16720981524578	"UC-N"	"hyper"
"268"	"chrX"	87900789	87900967	179	"*"	6	1.01021368926807	-0.394106068037971	-4.4371899818115	0.12015503875969	0.185612634501909	30354	30359	6	-0.160544052145874	"UC-N"	"hypo"
"269"	"chrX"	19120920	19121019	100	"*"	7	1.04518780741452	-0.306779981634284	-4.43281800170346	0.120801033591731	0.185916832367943	5987	5993	7	-0.153991478007002	"UC-N"	"hypo"
"270"	"chrX"	9789792	9789906	115	"*"	5	1.10823578647411	-0.480485617372314	-4.41154367530924	0.124031007751938	0.190180878552972	1641	1645	5	-0.201341113840912	"UC-N"	"hypo"
"271"	"chrX"	152827457	152827555	99	"*"	8	0.948084619399249	-0.272640533343018	-4.40483138273593	0.124677002583979	0.190332710914955	53073	53080	8	-0.12016948170227	"UC-N"	"hypo"
"272"	"chrX"	73851177	73851491	315	"*"	33	5.7260641975487	-0.261190560471268	-4.38951830380595	0.125968992248062	0.190332710914955	27163	27195	33	-0.0799074728040652	"UC-N"	"hypo"
"273"	"chrX"	143228802	143228924	123	"*"	11	1.15386587712722	-0.289259365919206	-4.38102250384172	0.125968992248062	0.190332710914955	50234	50244	11	-0.106616176991424	"UC-N"	"hypo"
"274"	"chrX"	19971674	19971817	144	"*"	8	1.20822727681637	-0.281207077484623	-4.37823056677991	0.125968992248062	0.190332710914955	6243	6250	8	-0.115196084009509	"UC-N"	"hypo"
"275"	"chrX"	153057911	153057933	23	"*"	6	0.800083263947305	0.342862381471957	4.36405057452278	0.127260981912145	0.191585623678647	53357	53362	6	0.154301657252498	"UC-N"	"hyper"
"276"	"chrX"	119787325	119787641	317	"*"	9	1.2250989502294	0.22373747597846	4.35806235154792	0.128552971576227	0.192829457364341	40584	40592	9	0.101313294180547	"UC-N"	"hyper"
"277"	"chrX"	153708396	153708454	59	"*"	5	1.04815885314774	0.605082575730682	4.32500506881848	0.130490956072351	0.195029804382504	54015	54019	5	0.269395097554981	"UC-N"	"hyper"
"278"	"chrX"	146027856	146028122	267	"*"	5	0.71032670328302	-0.327958766928438	-4.30696005028056	0.133074935400517	0.19746603317496	50826	50830	5	-0.157628413239126	"UC-N"	"hypo"
"279"	"chrX"	80335253	80335478	226	"*"	22	2.43810738854499	-0.25905550588756	-4.29994113354995	0.133074935400517	0.19746603317496	29097	29118	22	-0.0708240296080498	"UC-N"	"hypo"
"280"	"chrX"	90765730	90765832	103	"*"	6	0.785016453781375	-0.395387366956722	-4.29027144538823	0.134366925064599	0.198671096345515	30682	30687	6	-0.148273236718603	"UC-N"	"hypo"
"281"	"chrX"	53281727	53281831	105	"*"	5	0.72131103680625	0.410377161547133	4.2725124990654	0.137596899224806	0.202722833733344	20117	20121	5	0.154377904425131	"UC-N"	"hyper"
"282"	"chrX"	116435158	116435288	131	"*"	5	0.916363861966536	-0.37388826713067	-4.25927020272656	0.13953488372093	0.20412523625606	38879	38883	5	-0.167363151606283	"UC-N"	"hypo"
"283"	"chrX"	39908522	39908630	109	"*"	6	1.40986161636383	-0.592127279766806	-4.25703637303647	0.13953488372093	0.20412523625606	12320	12325	6	-0.239627968007747	"UC-N"	"hypo"
"284"	"chrX"	102652684	102652758	75	"*"	5	0.633953777946169	-0.302954093847826	-4.24745569531156	0.141472868217054	0.206231575499509	33396	33400	5	-0.130422850411999	"UC-N"	"hypo"
"285"	"chrX"	100584292	100584940	649	"*"	5	0.820992023660398	-0.322822772298295	-4.23998316438768	0.142118863049096	0.206446348429213	31692	31696	5	-0.15748407359148	"UC-N"	"hypo"
"286"	"chrX"	68952547	68953284	738	"*"	9	1.15848588763265	-0.364828602918556	-4.21121765593461	0.144702842377261	0.209464953651	24049	24057	9	-0.144528767694151	"UC-N"	"hypo"
"287"	"chrX"	25003886	25003954	69	"*"	8	0.848483293038884	0.283697427818877	4.20957172444359	0.145994832041344	0.210598816951625	8393	8400	8	0.111810213714782	"UC-N"	"hyper"
"288"	"chrX"	143712280	143712358	79	"*"	5	0.527109466533905	-0.304857317937458	-4.18577876003883	0.151162790697674	0.216894429793015	50390	50394	5	-0.112546504621713	"UC-N"	"hypo"
"289"	"chrX"	75273485	75273568	84	"*"	6	0.850098434970057	0.356269399012904	4.17460729219892	0.151808785529716	0.216894429793015	27817	27822	6	0.12387027317295	"UC-N"	"hyper"
"290"	"chrX"	9765259	9766215	957	"*"	7	0.946719095844581	-0.292334125751585	-4.16943286439604	0.152454780361757	0.216894429793015	1586	1592	7	-0.134146368422846	"UC-N"	"hypo"
"291"	"chrX"	66615962	66616841	880	"*"	7	0.737690507775385	-0.255835522584091	-4.16647533752882	0.152454780361757	0.216894429793015	23284	23290	7	-0.0984324435339904	"UC-N"	"hypo"
"292"	"chrX"	110521698	110521836	139	"*"	5	0.580206411000076	-0.280346262573298	-4.12850612600085	0.156330749354005	0.221647021344377	37441	37445	5	-0.150911904962802	"UC-N"	"hypo"
"293"	"chrX"	10621887	10622027	141	"*"	5	0.662712597964752	-0.374765466951629	-4.11127364351716	0.157622739018088	0.222716088578459	2152	2156	5	-0.145236041667213	"UC-N"	"hypo"
"294"	"chrX"	94389837	94389985	149	"*"	8	1.50502715491407	-0.427725325617915	-4.10552242498394	0.158914728682171	0.223019314150572	31213	31220	8	-0.190260575485675	"UC-N"	"hypo"
"295"	"chrX"	128606664	128606770	107	"*"	12	1.55018840254112	-0.394667688486283	-4.09779551898082	0.158914728682171	0.223019314150572	43378	43389	12	-0.158759315792488	"UC-N"	"hypo"
"296"	"chrX"	45632537	45632655	119	"*"	14	1.56253011928667	-0.205591005617814	-4.08376601096234	0.160852713178295	0.224218933521259	14282	14295	14	-0.0813097181129921	"UC-N"	"hypo"
"297"	"chrX"	67409510	67409821	312	"*"	9	1.02275432466286	-0.280381724801038	-4.08200048538981	0.160852713178295	0.224218933521259	23302	23310	9	-0.111001000860551	"UC-N"	"hypo"
"298"	"chrX"	89926366	89926858	493	"*"	7	0.835668466499751	-0.390702895587692	-4.05784877799219	0.162790697674419	0.226158888715467	30562	30568	7	-0.157366806497445	"UC-N"	"hypo"
"299"	"chrX"	122388297	122388499	203	"*"	5	0.693136614844275	-0.355993824476069	-4.04110813940503	0.165374677002584	0.228980322003578	42178	42182	5	-0.148127682457322	"UC-N"	"hypo"
"300"	"chrX"	150572841	150572861	21	"*"	6	1.87447415584885	0.34162544751546	4.03194408659683	0.166020671834625	0.229108527131783	52045	52050	6	0.13433043294479	"UC-N"	"hyper"
"301"	"chrX"	52796180	52797245	1066	"*"	7	0.886430250318891	-0.316209395183419	-4.02805542661299	0.166666666666667	0.229235880398671	19618	19624	7	-0.136312330832397	"UC-N"	"hypo"
"302"	"chrX"	2890572	2890615	44	"*"	11	1.30180997779098	0.330235227821953	4.01192912686444	0.169250645994832	0.232019097489604	116	126	11	0.127588058469049	"UC-N"	"hyper"
"303"	"chrX"	103094382	103094449	68	"*"	7	0.783291704979449	-0.307185956365608	-4.00334836381529	0.171834625322997	0.23478394351063	33827	33833	7	-0.0895198140055381	"UC-N"	"hypo"
"304"	"chrX"	9890919	9890983	65	"*"	5	0.562811979794232	-0.288826764727423	-3.98965945795415	0.17312661498708	0.235771113831089	1680	1684	5	-0.0887549458289234	"UC-N"	"hypo"
"305"	"chrX"	154096160	154096227	68	"*"	8	1.41890531314448	-0.369913773049089	-3.98323744589695	0.175710594315245	0.237726098191214	54421	54428	8	-0.142993938821432	"UC-N"	"hypo"
"306"	"chrX"	133417722	133418625	904	"*"	7	0.887666603884896	-0.265884378581758	-3.9804062676868	0.175710594315245	0.237726098191214	45366	45372	7	-0.145078861906538	"UC-N"	"hypo"
"307"	"chrX"	54997831	54998063	233	"*"	7	0.93277105503911	-0.331648189148849	-3.96912796831832	0.17764857881137	0.238390667954529	20981	20987	7	-0.117657359838542	"UC-N"	"hypo"
"308"	"chrX"	48695752	48695836	85	"*"	6	1.23799821142726	0.4453557432299	3.95943401036755	0.17764857881137	0.238390667954529	16787	16792	6	0.180702146274014	"UC-N"	"hyper"
"309"	"chrX"	15601155	15601260	106	"*"	5	0.706133080583387	0.354027596964077	3.93994408496451	0.180232558139535	0.238390667954529	4240	4244	5	0.136985665651073	"UC-N"	"hyper"
"310"	"chrX"	53022058	53022153	96	"*"	11	1.43003170717402	0.287264227942416	3.93862267652668	0.180232558139535	0.238390667954529	19827	19837	11	0.109096538487826	"UC-N"	"hyper"
"311"	"chrX"	18890138	18890263	126	"*"	5	0.725770213707796	-0.383763389721722	-3.9383029718274	0.180232558139535	0.238390667954529	5895	5899	5	-0.137910104411918	"UC-N"	"hypo"
"312"	"chrX"	103093077	103093118	42	"*"	6	0.675808957854962	-0.296218122922353	-3.93298852178699	0.180232558139535	0.238390667954529	33798	33803	6	-0.14840221171333	"UC-N"	"hypo"
"313"	"chrX"	3872407	3872430	24	"*"	6	0.972919280046845	0.482465744246266	3.92715451210597	0.180232558139535	0.238390667954529	608	613	6	0.190399023273629	"UC-N"	"hyper"
"314"	"chrX"	85108927	85109414	488	"*"	11	1.18163618372947	-0.249758805538944	-3.90914245090042	0.182170542635659	0.240186639016442	29935	29945	11	-0.110889590458184	"UC-N"	"hypo"
"315"	"chrX"	40011287	40011809	523	"*"	7	1.79382321671461	-0.393810803708981	-3.89526005798008	0.183462532299742	0.241122185308232	12386	12392	7	-0.150110604579818	"UC-N"	"hypo"
"316"	"chrX"	54814217	54814487	271	"*"	6	0.901757550221286	-0.32054347981907	-3.877584456444	0.186692506459948	0.244590815425375	20900	20905	6	-0.115368550382591	"UC-N"	"hypo"
"317"	"chrX"	65667948	65667996	49	"*"	9	1.05980163451937	-0.476585473796736	-3.87153805923571	0.189922480620155	0.248037561440833	23096	23104	9	-0.164495698437748	"UC-N"	"hypo"
"318"	"chrX"	48912196	48912383	188	"*"	5	1.01285339121527	0.405325126256796	3.86319442927036	0.191214470284238	0.248939593388913	17237	17241	5	0.147191269707422	"UC-N"	"hyper"
"319"	"chrX"	69614250	69614859	610	"*"	7	0.741210078784799	0.303177217122422	3.84042764138271	0.196382428940568	0.254866224393089	24356	24362	7	0.12564251963689	"UC-N"	"hyper"
"320"	"chrX"	80021530	80021569	40	"*"	6	0.749802422826377	-0.284643336980637	-3.83942268874716	0.197674418604651	0.255741279069767	29015	29020	6	-0.142163903640416	"UC-N"	"hypo"
"321"	"chrX"	75524703	75524953	251	"*"	5	0.809495315868248	-0.311675285051306	-3.83155673079702	0.199612403100775	0.257444033905673	27955	27959	5	-0.0848520113666301	"UC-N"	"hypo"
"322"	"chrX"	154098307	154098420	114	"*"	10	1.91569950238486	0.280681549975564	3.80964124986055	0.202196382428941	0.259966777408638	54467	54476	10	0.167803434800535	"UC-N"	"hyper"
"323"	"chrX"	18758513	18758713	201	"*"	5	0.788100095067947	-0.341781678281837	-3.79176984424492	0.20671834625323	0.264140109101349	5874	5878	5	-0.136717433106306	"UC-N"	"hypo"
"324"	"chrX"	112822897	112823056	160	"*"	5	0.75638880657105	-0.375593752021831	-3.79159622464664	0.20671834625323	0.264140109101349	37990	37994	5	-0.13600543934411	"UC-N"	"hypo"
"325"	"chrX"	132193950	132194019	70	"*"	5	0.603953459365249	-0.378161985160004	-3.71095437099774	0.217700258397933	0.277316636851521	44903	44907	5	-0.103973221461135	"UC-N"	"hypo"
"326"	"chrX"	93981368	93981418	51	"*"	8	0.884579174774125	-0.300294217918858	-3.67888566891672	0.223514211886305	0.283799160799374	31186	31193	8	-0.120124639130788	"UC-N"	"hypo"
"327"	"chrX"	49162580	49162678	99	"*"	5	0.530115190205128	0.356924527676798	3.67727370380889	0.224160206718346	0.283799160799374	17779	17783	5	0.137837949305216	"UC-N"	"hyper"
"328"	"chrX"	21655876	21656297	422	"*"	7	1.20396571631357	-0.429912584059048	-3.64569080331318	0.229328165374677	0.28945689166194	6694	6700	7	-0.210769519247591	"UC-N"	"hypo"
"329"	"chrX"	153828746	153828829	84	"*"	6	0.960505881165506	0.389022936287556	3.63752037934704	0.231266149870801	0.291015763059306	54166	54171	6	0.130673052849611	"UC-N"	"hyper"
"330"	"chrX"	49309866	49309910	45	"*"	8	0.932364109469987	0.227788741778217	3.62125432019578	0.232558139534884	0.291681304011804	18110	18117	8	0.0606106990182211	"UC-N"	"hyper"
"331"	"chrX"	68600166	68600247	82	"*"	5	0.621628016720654	-0.303003032573746	-3.6126727411333	0.233204134366925	0.291681304011804	23714	23718	5	-0.0961290403884942	"UC-N"	"hypo"
"332"	"chrX"	101485523	101485553	31	"*"	6	0.634436535336433	-0.45468877714713	-3.5712326008962	0.239664082687338	0.298858223592043	32692	32697	6	-0.160538703124635	"UC-N"	"hypo"
"333"	"chrX"	123188031	123188134	104	"*"	5	0.651288690562563	-0.344398530414939	-3.55584725977239	0.242894056847545	0.301976394999651	42280	42284	5	-0.134476653622169	"UC-N"	"hypo"
"334"	"chrX"	130118603	130119334	732	"*"	8	1.1329310094953	-0.304153729998239	-3.52766453438024	0.248708010335917	0.307358556056925	43892	43899	8	-0.141976823614936	"UC-N"	"hypo"
"335"	"chrX"	100644381	100644410	30	"*"	6	1.00884609383009	0.355298146669345	3.52622892562368	0.248708010335917	0.307358556056925	31796	31801	6	0.160905116515899	"UC-N"	"hyper"
"336"	"chrX"	153055960	153056177	218	"*"	5	0.53267805581966	0.39150524542069	3.51251113581198	0.25	0.307795513967249	53351	53355	5	0.145656829286276	"UC-N"	"hyper"
"337"	"chrX"	21838810	21838920	111	"*"	7	0.899386535713215	0.273692933685145	3.50195665208851	0.250645994832041	0.307795513967249	6815	6821	7	0.108175155052212	"UC-N"	"hyper"
"338"	"chrX"	137913936	137913958	23	"*"	6	0.626352491487128	-0.290913563649691	-3.49704980319807	0.251291989664083	0.307795513967249	48703	48708	6	-0.109399717381156	"UC-N"	"hypo"
"339"	"chrX"	131795922	131796361	440	"*"	24	3.89633190488205	-0.243882561720465	-3.49048323975757	0.253229974160207	0.309131326949384	44744	44767	24	-0.114092445324043	"UC-N"	"hypo"
"340"	"chrX"	104042636	104042795	160	"*"	5	0.597946723370792	-0.287716501261897	-3.48776312937338	0.253875968992248	0.309131326949384	34896	34900	5	-0.0904922832043659	"UC-N"	"hypo"
"341"	"chrX"	141188592	141188637	46	"*"	5	0.540945735216906	-0.36576199657692	-3.47648454966001	0.255167958656331	0.309793357430267	49927	49931	5	-0.114226599967961	"UC-N"	"hypo"
"342"	"chrX"	133217033	133217105	73	"*"	6	0.633906034140757	-0.27991472424081	-3.47269438184366	0.257105943152455	0.31072724828606	45277	45282	6	-0.10140997668278	"UC-N"	"hypo"
"343"	"chrX"	93235540	93235830	291	"*"	9	1.07243452760406	-0.335288335251971	-3.45631158237817	0.259043927648579	0.31072724828606	31023	31031	9	-0.129207674398694	"UC-N"	"hypo"
"344"	"chrX"	153446584	153446669	86	"*"	5	0.51665203154442	-0.404400637317332	-3.45415189066104	0.25968992248062	0.31072724828606	53618	53622	5	-0.144923257856124	"UC-N"	"hypo"
"345"	"chrX"	100593991	100594036	46	"*"	5	0.627343500005114	-0.23349623451289	-3.45075044546285	0.25968992248062	0.31072724828606	31698	31702	5	-0.11586282411887	"UC-N"	"hypo"
"346"	"chrX"	151960600	151961096	497	"*"	6	0.735173037998854	-0.223255504907008	-3.44875878370943	0.25968992248062	0.31072724828606	52675	52680	6	-0.0951415270805088	"UC-N"	"hypo"
"347"	"chrX"	149880028	149880106	79	"*"	6	0.698645067069129	-0.234801314287299	-3.4356438374972	0.261627906976744	0.312143958179747	51657	51662	6	-0.103391220109784	"UC-N"	"hypo"
"348"	"chrX"	49875117	49875173	57	"*"	6	0.826329630207556	-0.318800809910225	-3.41074310565856	0.266795865633075	0.317395081529003	18203	18208	6	-0.142781950893647	"UC-N"	"hypo"
"349"	"chrX"	44310265	44310393	129	"*"	21	2.29536809810413	-0.287367504920776	-3.40546686090285	0.268087855297158	0.318018258146198	13852	13872	21	-0.108106830946001	"UC-N"	"hypo"
"350"	"chrX"	70042246	70042351	106	"*"	6	0.781495927141474	-0.256416855005714	-3.39416043052742	0.271963824289406	0.321694352159468	24481	24486	6	-0.10169887364386	"UC-N"	"hypo"
"351"	"chrX"	155263880	155263931	52	"*"	5	0.542946944877461	-0.399069538059457	-3.36690262631635	0.27906976744186	0.3289838794926	55809	55813	5	-0.150034642892509	"UC-N"	"hypo"
"352"	"chrX"	119398449	119398490	42	"*"	6	0.81723656004362	0.24134853694725	3.3639497757433	0.279715762273902	0.3289838794926	40089	40094	6	0.100956775256969	"UC-N"	"hyper"
"353"	"chrX"	48967441	48968093	653	"*"	7	0.796706796403071	-0.218424752464953	-3.35797018165584	0.281007751937984	0.329567165162395	17356	17362	7	-0.0768058376527723	"UC-N"	"hypo"
"354"	"chrX"	49059024	49059128	105	"*"	5	0.655982192825867	0.323277219342717	3.32670124157905	0.286175710594315	0.333737307566328	17479	17483	5	0.145254370962854	"UC-N"	"hyper"
"355"	"chrX"	90996538	90996728	191	"*"	9	1.03140084767669	-0.289515240735519	-3.32589668847665	0.286175710594315	0.333737307566328	30736	30744	9	-0.11376045473971	"UC-N"	"hypo"
"356"	"chrX"	112824478	112824606	129	"*"	6	0.904336578217654	-0.266476614680577	-3.25758505067332	0.297803617571059	0.346322184478704	37998	38003	6	-0.122043881487663	"UC-N"	"hypo"
"357"	"chrX"	151973980	151974046	67	"*"	5	0.704922584479599	0.371463747312067	3.24806317438318	0.302325581395349	0.349616733792387	52692	52696	5	0.147560783081557	"UC-N"	"hyper"
"358"	"chrX"	118839915	118840035	121	"*"	9	1.19209568042785	0.296299402139965	3.24772805561632	0.302325581395349	0.349616733792387	39562	39570	9	0.126269004086766	"UC-N"	"hyper"
"359"	"chrX"	120002934	120003706	773	"*"	5	0.667589795325881	-0.340758567959082	-3.2380619077096	0.306847545219638	0.353857614821533	41192	41196	5	-0.144382324423293	"UC-N"	"hypo"
"360"	"chrX"	84945316	84945360	45	"*"	5	0.650490202117613	-0.494130726681305	-3.23457491909379	0.308139534883721	0.354360465116279	29841	29845	5	-0.130669076016326	"UC-N"	"hypo"
"361"	"chrX"	153686872	153686924	53	"*"	5	1.04104054338176	0.498622923815303	3.21320141802926	0.315245478036176	0.360529358859052	54006	54010	5	0.200120159432849	"UC-N"	"hyper"
"362"	"chrX"	118715984	118716138	155	"*"	8	1.18884215622894	-0.260403213531989	-3.21299873033289	0.315245478036176	0.360529358859052	39371	39378	8	-0.106305189052844	"UC-N"	"hypo"
"363"	"chrX"	126166453	126166605	153	"*"	7	1.04597187212905	-0.351349855063132	-3.09445115878611	0.337855297157623	0.385322570312	43151	43157	7	-0.161314667928494	"UC-N"	"hypo"
"364"	"chrX"	9948417	9948670	254	"*"	11	1.50840093800907	-0.197293883917403	-3.06022503191534	0.348837209302326	0.396754408382315	1764	1774	11	-0.154130897186024	"UC-N"	"hypo"
"365"	"chrX"	104249675	104249755	81	"*"	5	0.866985577645174	-0.306693478228496	-3.0038096327201	0.362403100775194	0.411054475947754	35060	35064	5	-0.125299219433179	"UC-N"	"hypo"
"366"	"chrX"	63561756	63561811	56	"*"	8	0.887678249352499	0.27692510875037	2.86833254138335	0.398578811369509	0.450851442368789	22392	22399	8	0.106959089110083	"UC-N"	"hyper"
"367"	"chrX"	130386139	130386183	45	"*"	6	0.67654241770634	-0.215114173085694	-2.85413892875137	0.401808785529716	0.453266586401369	44333	44338	6	-0.0891926541174452	"UC-N"	"hypo"
"368"	"chrX"	110795659	110795727	69	"*"	8	1.11397624767875	-0.285297450382023	-2.8392027703531	0.408268733850129	0.459302325581395	37455	37462	8	-0.0966541242612467	"UC-N"	"hypo"
"369"	"chrX"	56232726	56233753	1028	"*"	6	0.94254214099868	-0.391711763347517	-2.82283771981532	0.410852713178295	0.460956702590282	21764	21769	6	-0.18417623798308	"UC-N"	"hypo"
"370"	"chrX"	107506939	107507693	755	"*"	9	1.51328920211408	-0.347958765828656	-2.7631261538773	0.428294573643411	0.479226901319925	36270	36278	9	-0.164832633540334	"UC-N"	"hypo"
"371"	"chrX"	40091249	40091305	57	"*"	6	0.794928215544693	-0.248386504499031	-2.75820873317624	0.430878552971576	0.48081865479847	12476	12481	6	-0.121229252602762	"UC-N"	"hypo"
"372"	"chrX"	106551387	106551428	42	"*"	10	1.02989215374707	-0.296498364398892	-2.75084549850196	0.433462532299742	0.482401850462616	35658	35667	10	-0.0776319415333664	"UC-N"	"hypo"
"373"	"chrX"	133989032	133989199	168	"*"	6	0.722320653095992	-0.215567945237222	-2.74777585074002	0.436046511627907	0.483976557141966	45465	45470	6	-0.0814146609724023	"UC-N"	"hypo"
"374"	"chrX"	135033103	135033166	64	"*"	5	0.616166965981783	0.21411542080814	2.72464862721163	0.439922480620155	0.486973013306803	46456	46460	5	0.106596770098935	"UC-N"	"hyper"
"375"	"chrX"	23333250	23333282	33	"*"	5	0.566991192363974	0.273621607615637	2.70654041154108	0.443798449612403	0.489953488372093	7257	7261	5	0.0747113042177473	"UC-N"	"hyper"
"376"	"chrX"	155067140	155067290	151	"*"	6	0.836491736972416	-0.300347010732166	-2.69742900468863	0.447674418604651	0.492918109846611	55674	55679	6	-0.12067243202832	"UC-N"	"hypo"
"377"	"chrX"	34113959	34114054	96	"*"	5	0.663962630700809	-0.260150035013561	-2.69398486124171	0.448966408268734	0.49302942446487	10134	10138	5	-0.117319928495436	"UC-N"	"hypo"
"378"	"chrX"	2830160	2830193	34	"*"	6	0.648813432015589	0.472144591949615	2.665030067271	0.453488372093023	0.496677740863787	86	91	6	0.172969545167736	"UC-N"	"hyper"
"379"	"chrX"	115018223	115018753	531	"*"	5	0.600963542499344	-0.236036373267948	-2.63264433848725	0.461886304909561	0.504540713014665	38519	38523	5	-0.090048935169481	"UC-N"	"hypo"
"380"	"chrX"	83507332	83507340	9	"*"	6	0.624917326841895	-0.355010981479621	-2.60148118879833	0.472222222222222	0.514473684210526	29460	29465	6	-0.129599932229865	"UC-N"	"hypo"
"381"	"chrX"	52818215	52818335	121	"*"	5	0.679040710505242	-0.228081612599203	-2.59153004744086	0.475452196382429	0.516633095281694	19668	19672	5	-0.110287671250273	"UC-N"	"hypo"
"382"	"chrX"	119756916	119757780	865	"*"	8	2.4033191140102	0.428608350946374	2.58843216394911	0.477390180878553	0.517380981370997	40548	40555	8	0.223642178065655	"UC-N"	"hyper"
"383"	"chrX"	10160813	10160872	60	"*"	6	0.656788117731173	-0.301698834390961	-2.56042566389399	0.489018087855297	0.528599186350112	1982	1987	6	-0.10260662752002	"UC-N"	"hypo"
"384"	"chrX"	146867146	146867222	77	"*"	6	0.817438886838186	-0.403321658620883	-2.55376775737311	0.490956072351421	0.529312015503876	50966	50971	6	-0.12547962236916	"UC-N"	"hypo"
"385"	"chrX"	132413670	132413739	70	"*"	5	0.888006343392564	-0.341162685741633	-2.53590387243879	0.498708010335917	0.536273029296285	45020	45024	5	-0.125697032532331	"UC-N"	"hypo"
"386"	"chrX"	135099560	135099587	28	"*"	6	0.842026397381074	0.275501129574083	2.51637165220104	0.507105943152455	0.543867556036296	46610	46615	6	0.094947232366439	"UC-N"	"hyper"
"387"	"chrX"	134170528	134170747	220	"*"	5	0.521558865261566	-0.232336338744257	-2.51327344372604	0.508397932816537	0.543867556036296	45483	45487	5	-0.108232238580555	"UC-N"	"hypo"
"388"	"chrX"	47660423	47660500	78	"*"	5	0.56895163317039	-0.274541265794596	-2.47938399080366	0.51937984496124	0.554183649005035	15812	15816	5	-0.0962164470529285	"UC-N"	"hypo"
"389"	"chrX"	78756530	78756617	88	"*"	5	1.0284046533209	-0.223629862443576	-2.45789184314743	0.52390180878553	0.557571590841155	28882	28886	5	-0.0831235977583102	"UC-N"	"hypo"
"390"	"chrX"	71873965	71874003	39	"*"	6	0.772964168450724	-0.176546361121701	-2.38997877335133	0.543927648578811	0.577400119260584	26174	26179	6	-0.0539096035448854	"UC-N"	"hypo"
"391"	"chrX"	153321570	153321596	27	"*"	6	0.709701455490594	-0.304375617581432	-2.36879129629047	0.553617571059432	0.586183310533516	53429	53434	6	-0.13124657734151	"UC-N"	"hypo"
"392"	"chrX"	125690862	125690896	35	"*"	8	0.84614728605591	-0.329775322829627	-2.36187203183953	0.555555555555556	0.586734693877551	43087	43094	8	-0.121304537410356	"UC-N"	"hypo"
"393"	"chrX"	40169168	40169235	68	"*"	8	1.00078552657856	-0.193206130170927	-2.28357892145558	0.583979328165375	0.615184330433753	12645	12652	8	-0.0882345909751969	"UC-N"	"hypo"
"394"	"chrX"	15507191	15507203	13	"*"	6	0.684601290028398	-0.180007092780445	-2.22178905956361	0.602067183462532	0.632628969425097	4213	4218	6	-0.0845433807275793	"UC-N"	"hypo"
"395"	"chrX"	136169556	136169665	110	"*"	6	0.713494435954431	0.209046425937758	2.20936225542086	0.609819121447028	0.639152193111569	47505	47510	6	0.0983810106790195	"UC-N"	"hyper"
"396"	"chrX"	69305731	69305771	41	"*"	5	0.860202102559162	-0.358349930883113	-2.07402537228315	0.656976744186046	0.68578290668385	24229	24233	5	-0.158190842138194	"UC-N"	"hypo"
"397"	"chrX"	132420333	132420350	18	"*"	5	0.501329450717996	-0.262270268293517	-2.06626018751365	0.657622739018088	0.68578290668385	45050	45054	5	-0.0957194331581329	"UC-N"	"hypo"
"398"	"chrX"	115545038	115545095	58	"*"	7	0.972164598523393	-0.226970489337063	-1.87432051873091	0.719638242894057	0.748568423512913	38740	38746	7	-0.0963742401157431	"UC-N"	"hypo"
"399"	"chrX"	152830672	152830696	25	"*"	6	0.710699569195833	-0.278984539211921	-1.84796421316749	0.731266149870801	0.758757358512561	53089	53094	6	-0.0331362708558314	"UC-N"	"hypo"
"400"	"chrX"	153935559	153935606	48	"*"	5	0.648030692961973	0.32075060473156	1.83974038599287	0.733850129198966	0.75953488372093	54260	54264	5	0.124798956937631	"UC-N"	"hyper"
"401"	"chrX"	56994735	56994888	154	"*"	6	0.914453084918543	0.150539413783215	1.66614409606431	0.779069767441861	0.804326393319028	21873	21878	6	0.0696197815509245	"UC-N"	"hyper"
"402"	"chrX"	47483777	47483875	99	"*"	6	0.754479216131207	0.24005149445973	1.5998505369499	0.80297157622739	0.826940877010297	15388	15393	6	0.0871514998909502	"UC-N"	"hyper"
"403"	"chrX"	84934075	84934120	46	"*"	7	0.791954427662784	-0.237403620813813	-1.56764045456293	0.810723514211886	0.832852443880201	29805	29811	7	-0.089429678630654	"UC-N"	"hypo"
"404"	"chrX"	114584282	114584467	186	"*"	5	0.638874725599217	-0.216886337644313	-1.47449684633639	0.833979328165375	0.854622380842735	38394	38398	5	-0.0776004339466046	"UC-N"	"hypo"
"405"	"chrX"	38256083	38256114	32	"*"	7	1.21956906171266	-0.123621900519276	-1.33946138731164	0.866279069767442	0.885529715762274	11903	11909	7	-0.0113875324633474	"UC-N"	"hypo"
"406"	"chrX"	43882645	43883256	612	"*"	7	0.768563906378532	-0.0893401007145104	-1.29925173929943	0.874031007751938	0.891253293618971	13749	13755	7	-0.0476460565456737	"UC-N"	"hypo"
"407"	"chrX"	73852766	73852807	42	"*"	6	0.636424567729716	-0.173272693631071	-1.28030510806414	0.879198966408269	0.894320324552883	27196	27201	6	-0.0664654289095449	"UC-N"	"hypo"
"408"	"chrX"	17860323	17860387	65	"*"	7	0.929242448717269	-0.183937495588799	-1.1150544621849	0.910206718346253	0.92359211126311	5505	5511	7	-0.0736631161073704	"UC-N"	"hypo"
"409"	"chrX"	24999707	24999862	156	"*"	5	0.559600935775748	-0.115124688630358	-1.03612112128442	0.922480620155039	0.933757889350088	8355	8359	5	-0.0523293601655576	"UC-N"	"hypo"
"410"	"chrX"	49186536	49186583	48	"*"	6	0.643160362550064	0.162840392224026	0.936792339576071	0.934754521963824	0.943874078275666	17872	17877	6	0.0435967808317517	"UC-N"	"hyper"
"411"	"chrX"	13936771	13936921	151	"*"	10	1.18943671468391	-0.0930751528262303	-0.673813249710057	0.960594315245478	0.967204786633552	3611	3620	10	-0.0278908361171056	"UC-N"	"hypo"
"412"	"chrX"	42778345	42778758	414	"*"	19	2.00413615298954	-0.0434568788184655	-0.620621362640541	0.962532299741602	0.967204786633552	13578	13596	19	-0.112477289583578	"UC-N"	"hypo"
"413"	"chrX"	154805360	154805494	135	"*"	12	1.25564555611075	-0.0392679457671938	-0.18647263554336	0.99031007751938	0.992707922743398	55452	55463	12	-0.0459703780743468	"UC-N"	"hypo"
"414"	"chrX"	152897678	152897736	59	"*"	6	0.831514043037214	-0.0114042271794838	-0.0598596745663974	0.996124031007752	0.996124031007752	53188	53193	6	-0.0288002367633871	"UC-N"	"hypo"
